1 -106.423 106.313
2 -106.638 106.093
3 -106.723 105.891
4 -106.69 105.708
5 -106.551 105.55
6 -106.321 105.436
7 -106.019 105.391
8 -105.669 105.445
9 -105.306 105.621
10 -104.963 105.933
11 -104.669 106.376
12 -104.444 106.933
13 -104.292 107.574
14 -104.207 108.267
15 -104.174 108.982
16 -104.183 109.696
17 -104.227 110.393
18 -104.308 111.058
19 -104.426 111.679
20 -104.585 112.237
21 -104.779 112.711
22 -105.001 113.076
23 -105.247 113.31
24 -105.519 113.402
25 -105.832 113.357
26 -106.207 113.192
27 -106.666 112.938
28 -107.214 112.634
29 -107.842 112.311
30 -108.516 111.987
31 -109.194 111.666
32 -109.835 111.339
33 -110.407 110.99
34 -110.89 110.605
35 -111.273 110.182
36 -111.542 109.728
37 -111.684 109.258
38 -111.684 108.788
39 -111.528 108.325
40 -111.21 107.866
41 -110.731 107.393
42 -110.104 106.882
43 -109.35 106.308
44 -108.5 105.663
45 -107.596 104.957
46 -106.693 104.225
47 -105.853 103.519
48 -105.142 102.896
49 -104.612 102.402
50 -104.29 102.061
51 -104.17 101.871
52 -104.222 101.807
53 -104.399 101.833
54 -104.656 101.917
55 -104.964 102.041
56 -105.306 102.206
57 -105.681 102.428
58 -106.09 102.731
59 -106.527 103.135
60 -106.977 103.645
61 -107.419 104.245
62 -107.83 104.901
63 -108.189 105.571
64 -108.486 106.21
65 -108.721 106.789
66 -108.901 107.299
67 -109.035 107.75
68 -109.135 108.167
69 -109.21 108.574
70 -109.264 108.988
71 -109.292 109.406
72 -109.281 109.807
73 -109.205 110.156
74 -109.037 110.419
75 -108.748 110.567
76 -108.313 110.585
77 -107.723 110.476
78 -106.981 110.257
79 -106.109 109.95
80 -105.139 109.582
81 -104.114 109.172
82 -103.075 108.735
83 -102.065 108.283
84 -101.122 107.824
85 -100.283 107.377
86 -99.5909 106.963
87 -99.093 106.619
88 -98.837 106.379
89 -98.8625 106.273
90 -99.1915 106.317
91 -99.8188 106.51
92 -100.711 106.828
93 -101.809 107.23
94 -103.042 107.67
95 -104.333 108.104
96 -105.613 108.497
97 -106.818 108.831
98 -107.903 109.1
99 -108.834 109.307
100 -109.595 109.458
101 -110.187 109.562
102 -110.626 109.626
103 -110.936 109.658
104 -111.145 109.668
105 -111.275 109.67
106 -111.341 109.678
107 -111.345 109.704
108 -111.283 109.755
109 -111.147 109.831
110 -110.929 109.921
111 -110.628 110.007
112 -110.243 110.071
113 -109.777 110.096
114 -109.236 110.072
115 -108.622 109.998
116 -107.941 109.88
117 -107.198 109.73
118 -106.4 109.559
119 -105.552 109.372
120 -104.666 109.171
121 -103.754 108.953
122 -102.837 108.717
123 -101.946 108.464
124 -101.124 108.208
125 -100.422 107.97
126 -99.8923 107.777
127 -99.5815 107.657
128 -99.5179 107.633
129 -99.7047 107.712
130 -100.12 107.886
131 -100.72 108.135
132 -101.449 108.428
133 -102.247 108.733
134 -103.057 109.027
135 -103.831 109.296
136 -104.528 109.54
137 -105.121 109.77
138 -105.587 110.001
139 -105.909 110.243
140 -106.075 110.498
141 -106.074 110.76
142 -105.895 111.016
143 -105.534 111.256
144 -104.991 111.483
145 -104.276 111.713
146 -103.411 111.977
147 -102.431 112.313
148 -101.375 112.753
149 -100.286 113.318
150 -99.1997 114.002
151 -98.1405 114.782
152 -97.117 115.615
153 -96.125 116.454
154 -95.1533 117.258
155 -94.1908 117.998
156 -93.2342 118.661
157 -92.294 119.249
158 -91.3925 119.773
159 -90.5612 120.248
160 -89.8375 120.685
161 -89.2561 121.087
162 -88.8446 121.445
163 -88.6213 121.743
164 -88.5957 121.959
165 -88.7681 122.073
166 -89.1309 122.069
167 -89.6679 121.942
168 -90.3558 121.697
169 -91.1635 121.344
170 -92.0527 120.899
171 -92.9813 120.376
172 -93.9064 119.79
173 -94.7877 119.151
174 -95.5887 118.47
175 -96.2741 117.757
176 -96.8104 117.025
177 -97.1663 116.289
178 -97.3165 115.563
179 -97.2447 114.861
180 -96.9497 114.2
181 -96.4456 113.599
182 -95.7622 113.083
183 -94.9405 112.686
184 -94.0276 112.446
185 -93.0713 112.407
186 -92.1135 112.602
187 -91.1896 113.052
188 -90.3234 113.753
189 -89.5262 114.678
190 -88.8012 115.776
191 -88.1455 116.982
192 -87.5519 118.23
193 -87.0195 119.464
194 -86.5569 120.635
195 -86.1809 121.725
196 -85.9169 122.731
197 -85.7933 123.664
198 -85.8347 124.537
199 -86.0542 125.357
200 -86.4517 126.119
201 -87.0154 126.808
202 -87.7274 127.401
203 -88.5711 127.875
204 -89.5343 128.22
205 -90.6089 128.436
206 -91.7874 128.537
207 -93.0585 128.543
208 -94.4027 128.478
209 -95.7905 128.357
210 -97.183 128.189
211 -98.5355 127.975
212 -99.8009 127.709
213 -100.934 127.383
214 -101.899 126.996
215 -102.664 126.554
216 -103.213 126.073
217 -103.54 125.577
218 -103.652 125.102
219 -103.565 124.681
220 -103.307 124.35
221 -102.906 124.134
222 -102.395 124.055
223 -101.802 124.123
224 -101.155 124.345
225 -100.476 124.726
226 -99.7835 125.268
227 -99.0962 125.972
228 -98.4315 126.83
229 -97.8062 127.823
230 -97.231 128.913
231 -96.7086 130.051
232 -96.2316 131.178
233 -95.7855 132.234
234 -95.3513 133.167
235 -94.9113 133.942
236 -94.4538 134.54
237 -93.976 134.957
238 -93.4825 135.196
239 -92.9828 135.267
240 -92.4896 135.175
241 -92.0157 134.926
242 -91.5748 134.525
243 -91.1802 133.981
244 -90.8457 133.31
245 -90.5865 132.54
246 -90.4162 131.709
247 -90.3435 130.861
248 -90.3695 130.043
249 -90.4866 129.296
250 -90.681 128.648
251 -90.9336 128.117
252 -91.2214 127.703
253 -91.5181 127.396
254 -91.7927 127.176
255 -92.0087 127.025
256 -92.1281 126.928
257 -92.1166 126.875
258 -91.9526 126.862
259 -91.6311 126.892
260 -91.1649 126.963
261 -90.5796 127.075
262 -89.907 127.222
263 -89.1739 127.396
264 -88.3994 127.59
265 -87.5955 127.8
266 -86.7707 128.023
267 -85.9339 128.259
268 -85.0942 128.506
269 -84.2597 128.754
270 -83.4383 128.986
271 -82.6345 129.174
272 -81.8512 129.288
273 -81.0897 129.301
274 -80.3534 129.199
275 -79.6518 128.981
276 -78.9977 128.662
277 -78.4063 128.261
278 -77.888 127.797
279 -77.4448 127.284
280 -77.0725 126.726
281 -76.7639 126.126
282 -76.5161 125.49
283 -76.3364 124.836
284 -76.2447 124.195
285 -76.2661 123.613
286 -76.4198 123.136
287 -76.7065 122.804
288 -77.102 122.637
289 -77.5614 122.635
290 -78.0286 122.775
291 -78.4512 123.023
292 -78.7921 123.341
293 -79.0332 123.695
294 -79.174 124.064
295 -79.2293 124.439
296 -79.2234 124.822
297 -79.1864 125.224
298 -79.1486 125.651
299 -79.135 126.105
300 -79.1604 126.573
301 -79.2266 127.028
302 -79.3239 127.437
303 -79.4387 127.765
304 -79.5615 127.991
305 -79.6962 128.112
306 -79.8652 128.152
307 -80.1049 128.147
308 -80.4562 128.144
309 -80.9496 128.176
310 -81.5936 128.255
311 -82.3676 128.367
312 -83.2277 128.473
313 -84.1184 128.528
314 -84.9892 128.49
315 -85.8064 128.338
316 -86.5609 128.073
317 -87.2674 127.717
318 -87.9553 127.309
319 -88.658 126.892
320 -89.3999 126.5
321 -90.1885 126.155
322 -91.0115 125.861
323 -91.8418 125.611
324 -92.6447 125.393
325 -93.3842 125.199
326 -94.0258 125.033
327 -94.5383 124.91
328 -94.8989 124.851
329 -95.0973 124.88
330 -95.1352 125.014
331 -95.0274 125.261
332 -94.7969 125.611
333 -94.4659 126.045
334 -94.0478 126.533
335 -93.5457 127.042
336 -92.9547 127.541
337 -92.2705 128.004
338 -91.4992 128.414
339 -90.663 128.757
340 -89.7986 129.024
341 -88.9513 129.211
342 -88.165 129.311
343 -87.4754 129.322
344 -86.9058 129.241
345 -86.4657 129.07
346 -86.1561 128.813
347 -85.9742 128.477
348 -85.9168 128.07
349 -85.9823 127.603
350 -86.1707 127.087
351 -86.4846 126.532
352 -86.929 125.95
353 -87.5104 125.358
354 -88.2346 124.774
355 -89.1054 124.223
356 -90.1187 123.726
357 -91.2576 123.304
358 -92.4903 122.971
359 -93.7721 122.73
360 -95.0509 122.574
361 -96.2765 122.49
362 -97.4056 122.462
363 -98.4105 122.477
364 -99.2776 122.529
365 -99.9991 122.623
366 -100.568 122.764
367 -100.975 122.963
368 -101.203 123.22
369 -101.234 123.527
370 -101.053 123.866
371 -100.656 124.209
372 -100.047 124.527
373 -99.2434 124.794
374 -98.2735 124.999
375 -97.1704 125.145
376 -95.9736 125.249
377 -94.7281 125.34
378 -93.4833 125.446
379 -92.2894 125.586
380 -91.1918 125.763
381 -90.2243 125.965
382 -89.408 126.165
383 -88.7514 126.331
384 -88.2572 126.436
385 -87.9291 126.468
386 -87.7752 126.426
387 -87.8055 126.325
388 -88.0243 126.185
389 -88.4235 126.025
390 -88.9765 125.854
391 -89.6404 125.667
392 -90.3624 125.45
393 -91.0946 125.183
394 -91.8023 124.85
395 -92.4666 124.45
396 -93.0856 123.999
397 -93.6672 123.531
398 -94.2236 123.086
399 -94.7631 122.703
400 -95.2829 122.406
401 -95.7668 122.198
402 -96.1863 122.061
403 -96.5042 121.96
404 -96.6812 121.856
405 -96.685 121.717
406 -96.4982 121.524
407 -96.1232 121.275
408 -95.582 120.983
409 -94.9113 120.67
410 -94.1537 120.352
411 -93.3468 120.038
412 -92.5151 119.718
413 -91.6724 119.374
414 -90.8274 118.987
415 -89.9875 118.54
416 -89.17 118.036
417 -88.4043 117.493
418 -87.7332 116.944
419 -87.2061 116.425
420 -86.8678 115.968
421 -86.7504 115.591
422 -86.8652 115.294
423 -87.2015 115.063
424 -87.7289 114.874
425 -88.4035 114.702
426 -89.1739 114.53
427 -89.9894 114.35
428 -90.8048 114.164
429 -91.5855 113.979
430 -92.311 113.804
431 -92.9731 113.648
432 -93.5727 113.51
433 -94.1126 113.387
434 -94.5918 113.269
435 -95.0013 113.145
436 -95.324 113.007
437 -95.5383 112.852
438 -95.6227 112.681
439 -95.563 112.5
440 -95.3565 112.317
441 -95.0136 112.138
442 -94.5569 111.964
443 -94.0147 111.795
444 -93.4144 111.629
445 -92.7806 111.469
446 -92.1316 111.319
447 -91.479 111.189
448 -90.8287 111.085
449 -90.1821 111.007
450 -89.5387 110.949
451 -88.8978 110.895
452 -88.2639 110.831
453 -87.6462 110.747
454 -87.0616 110.645
455 -86.5384 110.545
456 -86.1122 110.48
457 -85.8211 110.49
458 -85.6959 110.609
459 -85.7529 110.856
460 -85.9886 111.23
461 -86.3813 111.708
462 -86.8974 112.253
463 -87.5024 112.823
464 -88.1691 113.381
465 -88.8819 113.905
466 -89.6335 114.386
467 -90.4176 114.826
468 -91.2246 115.23
469 -92.035 115.601
470 -92.816 115.927
471 -93.527 116.179
472 -94.1288 116.322
473 -94.5934 116.315
474 -94.9099 116.13
475 -95.084 115.759
476 -95.1368 115.216
477 -95.0989 114.541
478 -95.0041 113.789
479 -94.8826 113.015
480 -94.7552 112.261
481 -94.6307 111.546
482 -94.5056 110.866
483 -94.368 110.2
484 -94.2029 109.523
485 -94.0005 108.825
486 -93.7644 108.114
487 -93.5159 107.424
488 -93.2928 106.804
489 -93.1392 106.303
490 -93.0922 105.957
491 -93.1692 105.776
492 -93.361 105.742
493 -93.6368 105.817
494 -93.957 105.953
495 -94.2893 106.112
496 -94.6202 106.278
497 -94.9577 106.458
498 -95.3269 106.677
499 -95.7581 106.972
500 -96.2767 107.371
501 -96.8936 107.886
502 -97.6 108.506
503 -98.3705 109.198
504 -99.1676 109.915
505 -99.9484 110.605
506 -100.671 111.227
507 -101.297 111.751
508 -101.802 112.168
509 -102.173 112.484
510 -102.408 112.711
511 -102.518 112.86
512 -102.524 112.935
513 -102.444 112.929
514 -102.298 112.827
515 -102.098 112.617
516 -101.851 112.29
517 -101.565 111.852
518 -101.247 111.32
519 -100.913 110.724
520 -100.59 110.097
521 -100.312 109.466
522 -100.117 108.854
523 -100.041 108.273
524 -100.11 107.733
525 -100.336 107.246
526 -100.716 106.822
527 -101.233 106.472
528 -101.861 106.202
529 -102.564 106.009
530 -103.303 105.879
531 -104.038 105.791
532 -104.73 105.722
533 -105.348 105.653
534 -105.873 105.575
535 -106.296 105.486
536 -106.619 105.395
537 -106.849 105.315
538 -106.996 105.255
539 -107.064 105.222
540 -107.053 105.214
541 -106.963 105.224
542 -106.798 105.239
543 -106.569 105.249
544 -106.295 105.246
545 -106.004 105.234
546 -105.721 105.22
547 -105.469 105.22
548 -105.254 105.243
549 -105.07 105.289
550 -104.895 105.339
551 -104.699 105.363
552 -104.453 105.32
553 -104.135 105.172
554 -103.739 104.9
555 -103.275 104.509
556 -102.77 104.029
557 -102.266 103.513
558 -101.806 103.018
559 -101.426 102.588
560 -101.151 102.244
561 -100.982 101.98
562 -100.905 101.767
563 -100.897 101.568
564 -100.934 101.353
565 -101 101.11
566 -101.095 100.847
567 -101.232 100.583
568 -101.432 100.348
569 -101.71 100.162
570 -102.066 100.033
571 -102.48 99.9502
572 -102.908 99.8847
573 -103.294 99.7997
574 -103.585 99.6612
575 -103.742 99.4501
576 -103.75 99.1719
577 -103.618 98.8591
578 -103.379 98.5695
579 -103.079 98.3742
580 -102.758 98.3388
581 -102.447 98.5071
582 -102.158 98.8909
583 -101.887 99.4701
584 -101.616 100.204
585 -101.329 101.046
586 -101.011 101.963
587 -100.659 102.936
588 -100.286 103.963
589 -99.9121 105.045
590 -99.5647 106.18
591 -99.2662 107.352
592 -99.0274 108.529
593 -98.8433 109.671
594 -98.697 110.733
595 -98.5661 111.674
596 -98.4333 112.467
597 -98.2929 113.098
598 -98.1542 113.568
599 -98.0371 113.886
600 -97.9639 114.067
601 -97.9517 114.13
602 -98.0078 114.091
603 -98.1297 113.961
604 -98.3102 113.743
605 -98.5418 113.439
606 -98.8216 113.051
607 -99.1521 112.586
608 -99.5395 112.056
609 -99.9905 111.476
610 -100.508 110.866
611 -101.088 110.241
612 -101.721 109.61
613 -102.395 108.977
614 -103.094 108.343
615 -103.802 107.71
616 -104.501 107.087
617 -105.168 106.491
618 -105.779 105.945
619 -106.312 105.47
620 -106.746 105.084
621 -107.067 104.796
622 -107.271 104.604
623 -107.361 104.498
624 -107.342 104.464
625 -107.224 104.49
626 -107.018 104.571
627 -106.735 104.708
628 -106.393 104.908
629 -106.014 105.174
630 -105.624 105.508
631 -105.251 105.906
632 -104.922 106.359
633 -104.658 106.857
634 -104.479 107.391
635 -104.398 107.956
636 -104.424 108.548
637 -104.562 109.168
638 -104.812 109.816
639 -105.163 110.484
640 -105.601 111.167
641 -106.102 111.851
642 -106.646 112.523
643 -107.211 113.165
644 -107.782 113.76
645 -108.343 114.293
646 -108.884 114.75
647 -109.39 115.124
648 -109.845 115.407
649 -110.235 115.597
650 -110.542 115.689
651 -110.755 115.678
652 -110.863 115.557
653 -110.865 115.326
654 -110.759 114.985
655 -110.551 114.547
656 -110.246 114.031
657 -109.851 113.462
658 -109.376 112.87
659 -108.83 112.284
660 -108.224 111.728
661 -107.571 111.225
662 -106.883 110.792
663 -106.175 110.45
664 -105.468 110.219
665 -104.782 110.118
666 -104.144 110.166
667 -103.578 110.374
668 -103.102 110.737
669 -102.724 111.236
670 -102.442 111.837
671 -102.246 112.497
672 -102.125 113.172
673 -102.07 113.827
674 -102.082 114.444
675 -102.171 115.017
676 -102.352 115.548
677 -102.636 116.043
678 -103.026 116.502
679 -103.508 116.92
680 -104.05 117.279
681 -104.605 117.555
682 -105.125 117.723
683 -105.56 117.763
684 -105.869 117.668
685 -106.024 117.449
686 -106.004 117.129
687 -105.799 116.745
688 -105.403 116.337
689 -104.816 115.944
690 -104.039 115.592
691 -103.08 115.294
692 -101.948 115.048
693 -100.66 114.849
694 -99.2375 114.686
695 -97.7193 114.557
696 -96.1578 114.465
697 -94.6228 114.422
698 -93.1917 114.436
699 -91.9356 114.514
700 -90.9091 114.648
701 -90.1382 114.818
702 -89.6165 114.99
703 -89.3122 115.129
704 -89.1801 115.198
705 -89.1711 115.173
706 -89.2431 115.041
707 -89.3652 114.802
708 -89.5176 114.468
709 -89.6897 114.056
710 -89.8762 113.587
711 -90.0753 113.078
712 -90.2865 112.55
713 -90.5105 112.021
714 -90.7489 111.511
715 -91.0047 111.042
716 -91.282 110.64
717 -91.5855 110.33
718 -91.9196 110.133
719 -92.2872 110.066
720 -92.6865 110.136
721 -93.11 110.343
722 -93.5432 110.675
723 -93.9644 111.112
724 -94.3458 111.632
725 -94.6559 112.207
726 -94.8627 112.814
727 -94.9371 113.43
728 -94.8562 114.038
729 -94.6049 114.623
730 -94.1773 115.174
731 -93.5767 115.685
732 -92.814 116.154
733 -91.9086 116.583
734 -90.8883 116.976
735 -89.7865 117.339
736 -88.6416 117.678
737 -87.492 117.993
738 -86.3801 118.278
739 -85.3474 118.518
740 -84.4269 118.699
741 -83.6451 118.807
742 -83.0193 118.837
743 -82.5636 118.793
744 -82.2867 118.691
745 -82.1891 118.552
746 -82.2614 118.395
747 -82.4815 118.236
748 -82.8167 118.079
749 -83.2262 117.918
750 -83.667 117.743
751 -84.1021 117.544
752 -84.5067 117.322
753 -84.8733 117.089
754 -85.211 116.871
755 -85.5385 116.707
756 -85.8776 116.637
757 -86.2444 116.695
758 -86.6433 116.902
759 -87.0649 117.256
760 -87.4895 117.737
761 -87.8923 118.311
762 -88.2509 118.939
763 -88.5496 119.586
764 -88.7821 120.224
765 -88.9508 120.84
766 -89.0639 121.424
767 -89.132 121.976
768 -89.1631 122.488
769 -89.1604 122.948
770 -89.1212 123.343
771 -89.0385 123.654
772 -88.9047 123.869
773 -88.7172 123.98
774 -88.4819 123.989
775 -88.2155 123.912
776 -87.9438 123.767
777 -87.6973 123.58
778 -87.5046 123.374
779 -87.3855 123.167
780 -87.3457 122.97
781 -87.3772 122.784
782 -87.4615 122.607
783 -87.5764 122.434
784 -87.7006 122.261
785 -87.8181 122.09
786 -87.9197 121.927
787 -88.0003 121.781
788 -88.0568 121.658
789 -88.0857 121.563
790 -88.0824 121.488
791 -88.041 121.424
792 -87.9547 121.354
793 -87.8173 121.264
794 -87.6236 121.144
795 -87.3704 120.993
796 -87.0577 120.814
797 -86.6892 120.615
798 -86.2749 120.404
799 -85.8298 120.188
800 -85.3713 119.969
801 -84.9156 119.75
802 -84.4754 119.531
803 -84.0562 119.315
804 -83.657 119.105
805 -83.2712 118.908
806 -82.8902 118.728
807 -82.5063 118.568
808 -82.1175 118.432
809 -81.7289 118.324
810 -81.3519 118.252
811 -81.0041 118.227
812 -80.7084 118.265
813 -80.4897 118.385
814 -80.3717 118.605
815 -80.3727 118.937
816 -80.5014 119.387
817 -80.7539 119.95
818 -81.1142 120.611
819 -81.5575 121.35
820 -82.0548 122.139
821 -82.579 122.952
822 -83.1082 123.762
823 -83.6276 124.551
824 -84.1279 125.303
825 -84.5994 126.007
826 -85.0297 126.652
827 -85.4004 127.224
828 -85.689 127.709
829 -85.871 128.085
830 -85.9247 128.331
831 -85.8344 128.43
832 -85.595 128.372
833 -85.2126 128.161
834 -84.705 127.812
835 -84.0994 127.354
836 -83.4287 126.825
837 -82.7258 126.262
838 -82.0186 125.697
839 -81.3254 125.156
840 -80.6528 124.652
841 -79.9969 124.192
842 -79.3479 123.779
843 -78.697 123.416
844 -78.042 123.112
845 -77.387 122.877
846 -76.7431 122.723
847 -76.1243 122.658
848 -75.5414 122.681
849 -74.998 122.781
850 -74.4914 122.936
851 -74.0152 123.117
852 -73.5642 123.295
853 -73.1421 123.447
854 -72.7654 123.563
855 -72.4635 123.644
856 -72.2746 123.701
857 -72.2381 123.752
858 -72.3853 123.813
859 -72.7319 123.893
860 -73.2737 123.992
861 -73.9873 124.102
862 -74.8341 124.211
863 -75.7677 124.307
864 -76.7397 124.381
865 -77.7066 124.43
866 -78.6328 124.456
867 -79.4929 124.469
868 -80.2694 124.476
869 -80.9505 124.486
870 -81.5301 124.504
871 -82.0028 124.529
872 -82.3636 124.558
873 -82.6057 124.582
874 -82.7232 124.592
875 -82.7134 124.579
876 -82.5788 124.535
877 -82.3298 124.459
878 -81.984 124.352
879 -81.5641 124.215
880 -81.098 124.053
881 -80.6138 123.87
882 -80.1367 123.669
883 -79.6884 123.453
884 -79.2858 123.224
885 -78.9375 122.988
886 -78.6461 122.749
887 -78.4096 122.513
888 -78.2226 122.284
889 -78.0784 122.065
890 -77.9728 121.863
891 -77.9047 121.685
892 -77.8754 121.542
893 -77.889 121.451
894 -77.9485 121.429
895 -78.0527 121.492
896 -78.1952 121.645
897 -78.3626 121.885
898 -78.5363 122.195
899 -78.696 122.55
900 -78.8241 122.922
901 -78.9076 123.283
902 -78.9406 123.61
903 -78.9229 123.887
904 -78.8578 124.106
905 -78.7496 124.26
906 -78.6002 124.345
907 -78.4068 124.356
908 -78.1618 124.283
909 -77.8542 124.114
910 -77.4738 123.835
911 -77.0148 123.435
912 -76.4798 122.908
913 -75.8819 122.256
914 -75.2473 121.494
915 -74.6115 120.644
916 -74.0159 119.736
917 -73.5011 118.801
918 -73.1016 117.868
919 -72.8406 116.955
920 -72.7275 116.074
921 -72.7607 115.227
922 -72.9326 114.416
923 -73.2336 113.643
924 -73.6563 112.916
925 -74.1944 112.253
926 -74.8393 111.67
927 -75.576 111.188
928 -76.3797 110.816
929 -77.2165 110.554
930 -78.0443 110.392
931 -78.8198 110.314
932 -79.505 110.3
933 -80.0697 110.333
934 -80.4946 110.404
935 -80.7718 110.51
936 -80.9028 110.651
937 -80.8953 110.829
938 -80.7612 111.04
939 -80.5132 111.272
940 -80.1624 111.509
941 -79.7182 111.726
942 -79.1883 111.899
943 -78.5804 112.008
944 -77.9051 112.041
945 -77.1783 111.995
946 -76.4213 111.874
947 -75.6596 111.69
948 -74.9188 111.456
949 -74.22 111.181
950 -73.5772 110.87
951 -72.9966 110.524
952 -72.4802 110.141
953 -72.0307 109.719
954 -71.6564 109.264
955 -71.3759 108.791
956 -71.2165 108.325
957 -71.21 107.899
958 -71.3832 107.547
959 -71.751 107.295
960 -72.3116 107.159
961 -73.0468 107.141
962 -73.9274 107.231
963 -74.9225 107.412
964 -76.0072 107.67
965 -77.1633 107.996
966 -78.3801 108.386
967 -79.649 108.842
968 -80.9615 109.36
969 -82.3053 109.931
970 -83.6583 110.534
971 -84.9895 111.139
972 -86.2609 111.71
973 -87.4334 112.215
974 -88.4728 112.629
975 -89.3524 112.936
976 -90.0581 113.135
977 -90.5883 113.235
978 -90.9515 113.25
979 -91.1619 113.199
980 -91.2348 113.094
981 -91.1824 112.945
982 -91.0126 112.753
983 -90.7293 112.515
984 -90.3357 112.228
985 -89.8389 111.897
986 -89.2552 111.536
987 -88.613 111.17
988 -87.9527 110.836
989 -87.3215 110.57
990 -86.7683 110.404
991 -86.3347 110.36
992 -86.0465 110.442
993 -85.9121 110.643
994 -85.9238 110.945
995 -86.0627 111.327
996 -86.3071 111.773
997 -86.6392 112.276
998 -87.0462 112.838
999 -87.5186 113.461
1000 -88.0484 114.149
1001 -88.6234 114.897
1002 -89.2238 115.683
1003 -89.8211 116.47
1004 -90.381 117.209
1005 -90.8704 117.851
1006 -91.2615 118.354
1007 -91.5369 118.692
1008 -91.6923 118.857
1009 -91.7362 118.852
1010 -91.6887 118.691
1011 -91.5766 118.387
1012 -91.4271 117.954
1013 -91.2614 117.398
1014 -91.0893 116.727
1015 -90.9078 115.945
1016 -90.7042 115.064
1017 -90.4618 114.103
1018 -90.1665 113.094
1019 -89.8127 112.081
1020 -89.4045 111.114
1021 -88.9537 110.245
1022 -88.4753 109.515
1023 -87.982 108.946
1024 -87.4821 108.543
1025 -86.9788 108.293
1026 -86.4746 108.182
1027 -85.9754 108.194
1028 -85.4954 108.321
1029 -85.0586 108.563
1030 -84.6991 108.916
1031 -84.4559 109.379
1032 -84.3651 109.942
1033 -84.4535 110.584
1034 -84.7331 111.278
1035 -85.1983 111.992
1036 -85.8278 112.695
1037 -86.5869 113.352
1038 -87.4332 113.934
1039 -88.3202 114.416
1040 -89.201 114.777
1041 -90.0298 115.003
1042 -90.7625 115.079
1043 -91.3575 114.992
1044 -91.7763 114.727
1045 -91.9849 114.274
1046 -91.9552 113.63
1047 -91.6691 112.807
1048 -91.1199 111.829
1049 -90.3165 110.736
1050 -89.2861 109.577
1051 -88.0756 108.403
1052 -86.7492 107.261
1053 -85.3834 106.192
1054 -84.056 105.222
1055 -82.8361 104.374
1056 -81.7763 103.657
1057 -80.9118 103.083
1058 -80.2588 102.658
1059 -79.8199 102.385
1060 -79.5919 102.269
1061 -79.5683 102.31
1062 -79.7399 102.506
1063 -80.0934 102.849
1064 -80.6069 103.319
1065 -81.2486 103.888
1066 -81.9771 104.517
1067 -82.7424 105.163
1068 -83.4939 105.78
1069 -84.1853 106.327
1070 -84.7788 106.77
1071 -85.2517 107.086
1072 -85.5994 107.264
1073 -85.8394 107.308
1074 -86.01 107.24
1075 -86.1634 107.093
1076 -86.3562 106.906
1077 -86.6343 106.715
1078 -87.0214 106.549
1079 -87.5125 106.418
1080 -88.0727 106.319
1081 -88.6484 106.232
1082 -89.1805 106.134
1083 -89.6181 106.002
1084 -89.9272 105.826
1085 -90.0958 105.612
1086 -90.1292 105.384
1087 -90.0418 105.178
1088 -89.8489 105.029
1089 -89.559 104.961
1090 -89.1699 104.974
1091 -88.6691 105.042
1092 -88.0404 105.119
1093 -87.272 105.149
1094 -86.3673 105.083
1095 -85.3491 104.892
1096 -84.266 104.573
1097 -83.1897 104.154
1098 -82.2066 103.682
1099 -81.4009 103.211
1100 -80.8344 102.784
1101 -80.5285 102.423
1102 -80.4582 102.117
1103 -80.5608 101.829
1104 -80.7558 101.508
1105 -80.9689 101.108
1106 -81.1507 100.606
1107 -81.2889 100.007
1108 -81.4053 99.3541
1109 -81.5449 98.7139
1110 -81.7587 98.1597
1111 -82.0853 97.7534
1112 -82.5378 97.5279
1113 -83.1013 97.4815
1114 -83.7408 97.5823
1115 -84.4108 97.7833
1116 -85.0711 98.0385
1117 -85.6946 98.3165
1118 -86.2738 98.6077
1119 -86.8191 98.9238
1120 -87.3494 99.2873
1121 -87.884 99.7209
1122 -88.4306 100.234
1123 -88.9775 100.814
1124 -89.4904 101.427
1125 -89.9178 102.02
1126 -90.2012 102.542
1127 -90.2907 102.949
1128 -90.157 103.222
1129 -89.8015 103.367
1130 -89.2593 103.416
1131 -88.5946 103.415
1132 -87.8896 103.414
1133 -87.225 103.45
1134 -86.6633 103.538
1135 -86.2405 103.67
1136 -85.9634 103.822
1137 -85.8165 103.957
1138 -85.7731 104.046
1139 -85.8092 104.072
1140 -85.9118 104.038
1141 -86.0815 103.962
1142 -86.329 103.874
1143 -86.6656 103.797
1144 -87.0913 103.742
1145 -87.5891 103.698
1146 -88.1228 103.634
1147 -88.6436 103.51
1148 -89.0994 103.289
1149 -89.4459 102.946
1150 -89.6556 102.476
1151 -89.7233 101.896
1152 -89.6678 101.244
1153 -89.5277 100.569
1154 -89.3544 99.9227
1155 -89.2003 99.3519
1156 -89.1064 98.8851
1157 -89.0937 98.5291
1158 -89.1582 98.2682
1159 -89.2742 98.0689
1160 -89.4028 97.8916
1161 -89.5065 97.7023
1162 -89.5598 97.4826
1163 -89.5606 97.2338
1164 -89.5307 96.9755
1165 -89.5105 96.7375
1166 -89.5455 96.5484
1167 -89.6704 96.4247
1168 -89.8971 96.3634
1169 -90.2111 96.3433
1170 -90.5782 96.3327
1171 -90.9574 96.2997
1172 -91.3158 96.2231
1173 -91.6412 96.0995
1174 -91.9452 95.9464
1175 -92.2608 95.7993
1176 -92.6323 95.7027
1177 -93.1032 95.6999
1178 -93.7014 95.8213
1179 -94.4294 96.0754
1180 -95.2607 96.4455
1181 -96.1425 96.8923
1182 -97.0063 97.3625
1183 -97.7774 97.7985
1184 -98.3871 98.1494
1185 -98.7859 98.382
1186 -98.9469 98.4848
1187 -98.8683 98.466
1188 -98.5683 98.3489
1189 -98.0776 98.1611
1190 -97.4277 97.9229
1191 -96.6415 97.6389
1192 -95.728 97.2957
1193 -94.6845 96.8676
1194 -93.5054 96.3281
1195 -92.1934 95.6619
1196 -90.772 94.8746
1197 -89.2896 93.9972
1198 -87.8219 93.0856
1199 -86.4622 92.2123
1200 -85.3011 91.4521
1201 -84.4099 90.8666
1202 -83.8268 90.4922
1203 -83.5483 90.3308
1204 -83.5325 90.3499
1205 -83.7136 90.4932
1206 -84.019 90.6946
1207 -84.3885 90.8951
1208 -84.7895 91.0577
1209 -85.2236 91.1756
1210 -85.7219 91.2702
1211 -86.3322 91.3821
1212 -87.0986 91.5539
1213 -88.0403 91.8128
1214 -89.1368 92.1585
1215 -90.3308 92.5628
1216 -91.5384 92.978
1217 -92.6732 93.3527
1218 -93.6629 93.6449
1219 -94.4636 93.8326
1220 -95.0657 93.9197
1221 -95.4861 93.9344
1222 -95.7554 93.9224
1223 -95.9027 93.9347
1224 -95.9427 94.0155
1225 -95.8673 94.1888
1226 -95.6469 94.4517
1227 -95.2377 94.7733
1228 -94.5939 95.1038
1229 -93.6806 95.3872
1230 -92.487 95.5755
1231 -91.034 95.6431
1232 -89.3793 95.5945
1233 -87.6154 95.4646
1234 -85.8604 95.3098
1235 -84.2374 95.1916
1236 -82.8505 95.1571
1237 -81.7591 95.2237
1238 -80.9725 95.3727
1239 -80.454 95.5563
1240 -80.1356 95.7132
1241 -79.9453 95.7893
1242 -79.8289 95.7537
1243 -79.7641 95.6105
1244 -79.7637 95.3981
1245 -79.8647 95.1804
1246 -80.1107 95.0295
1247 -80.5311 95.0044
1248 -81.1218 95.1323
1249 -81.8393 95.3993
1250 -82.6072 95.7546
1251 -83.3378 96.1277
1252 -83.9569 96.4529
1253 -84.4212 96.6903
1254 -84.7286 96.8412
1255 -84.9202 96.9506
1256 -85.0659 97.0952
1257 -85.242 97.3589
1258 -85.5064 97.8039
1259 -85.8787 98.4489
1260 -86.3343 99.2609
1261 -86.8125 100.166
1262 -87.2351 101.073
1263 -87.528 101.9
1264 -87.6387 102.592
1265 -87.5474 103.135
1266 -87.2703 103.553
1267 -86.8538 103.896
1268 -86.3637 104.223
1269 -85.8675 104.579
1270 -85.4117 104.981
1271 -85.0087 105.405
1272 -84.635 105.792
1273 -84.2441 106.063
1274 -83.7859 106.141
1275 -83.2268 105.971
1276 -82.5644 105.537
1277 -81.8345 104.866
1278 -81.1066 104.016
1279 -80.468 103.07
1280 -80.0014 102.11
1281 -79.7608 101.198
1282 -79.7559 100.368
1283 -79.9492 99.6131
1284 -80.2686 98.9034
1285 -80.626 98.1992
1286 -80.94 97.4692
1287 -81.1506 96.7069
1288 -81.231 95.9359
1289 -81.1901 95.2098
1290 -81.067 94.6053
1291 -80.9178 94.2053
1292 -80.7977 94.0779
1293 -80.7403 94.2573
1294 -80.7446 94.7339
1295 -80.7761 95.4573
1296 -80.7786 96.3513
1297 -80.6968 97.3334
1298 -80.4961 98.3356
1299 -80.1759 99.316
1300 -79.7709 100.257
1301 -79.3423 101.163
1302 -78.9597 102.049
1303 -78.6806 102.931
1304 -78.5335 103.814
1305 -78.5104 104.686
1306 -78.5704 105.518
1307 -78.6527 106.261
1308 -78.6936 106.862
1309 -78.6438 107.278
1310 -78.4788 107.48
1311 -78.205 107.47
1312 -77.8576 107.278
1313 -77.4926 106.959
1314 -77.1726 106.58
1315 -76.9519 106.197
1316 -76.8594 105.848
1317 -76.8891 105.535
1318 -77.003 105.236
1319 -77.1429 104.912
1320 -77.2497 104.526
1321 -77.2833 104.06
1322 -77.2359 103.523
1323 -77.1349 102.955
1324 -77.0356 102.417
1325 -77.0037 101.98
1326 -77.0926 101.708
1327 -77.3255 101.639
1328 -77.6856 101.781
1329 -78.1219 102.109
1330 -78.5644 102.573
1331 -78.9457 103.111
1332 -79.2207 103.672
1333 -79.3762 104.221
1334 -79.4316 104.752
1335 -79.4306 105.28
1336 -79.4253 105.83
1337 -79.4588 106.42
1338 -79.5493 107.042
1339 -79.6827 107.657
1340 -79.8156 108.194
1341 -79.8874 108.571
1342 -79.8386 108.715
1343 -79.6264 108.579
1344 -79.2364 108.149
1345 -78.6873 107.452
1346 -78.0281 106.538
1347 -77.3264 105.473
1348 -76.6557 104.322
1349 -76.0784 103.142
1350 -75.6277 101.968
1351 -75.3043 100.815
1352 -75.0801 99.683
1353 -74.9143 98.5697
1354 -74.7689 97.4825
1355 -74.6235 96.446
1356 -74.4815 95.5054
1357 -74.3682 94.7205
1358 -74.3201 94.1527
1359 -74.3699 93.8479
1360 -74.5323 93.8175
1361 -74.7983 94.034
1362 -75.1367 94.4358
1363 -75.5047 94.9466
1364 -75.8601 95.4951
1365 -76.1722 96.0304
1366 -76.4277 96.5282
1367 -76.6336 96.9872
1368 -76.8103 97.4209
1369 -76.9858 97.847
1370 -77.183 98.2765
1371 -77.4135 98.7097
1372 -77.6714 99.1346
1373 -77.9352 99.531
1374 -78.1723 99.8747
1375 -78.3462 100.143
1376 -78.4252 100.318
1377 -78.3884 100.393
1378 -78.2272 100.371
1379 -77.9435 100.26
1380 -77.5447 100.069
1381 -77.0375 99.8065
1382 -76.4235 99.4742
1383 -75.7014 99.0706
1384 -74.8699 98.5952
1385 -73.9322 98.0512
1386 -72.9043 97.449
1387 -71.8191 96.8076
1388 -70.726 96.1518
1389 -69.6861 95.5087
1390 -68.7649 94.906
1391 -68.0217 94.3679
1392 -67.5012 93.9143
1393 -67.2263 93.5585
1394 -67.1993 93.3077
1395 -67.4077 93.1661
1396 -67.8294 93.1373
1397 -68.4382 93.2266
1398 -69.2067 93.4417
1399 -70.1076 93.7911
1400 -71.1122 94.2781
1401 -72.1885 94.8941
1402 -73.2989 95.6152
1403 -74.4033 96.4043
1404 -75.4623 97.2174
1405 -76.4391 98.0113
1406 -77.305 98.75
1407 -78.0429 99.408
1408 -78.6511 99.9717
1409 -79.1449 100.435
1410 -79.5513 100.797
1411 -79.904 101.058
1412 -80.2353 101.223
1413 -80.5691 101.295
1414 -80.9159 101.283
1415 -81.2701 101.19
1416 -81.6142 101.018
1417 -81.9252 100.761
1418 -82.1821 100.409
1419 -82.3702 99.9541
1420 -82.4865 99.3914
1421 -82.5369 98.7293
1422 -82.5347 97.9884
1423 -82.496 97.2005
1424 -82.438 96.4027
1425 -82.377 95.6286
1426 -82.327 94.901
1427 -82.2984 94.2281
1428 -82.2999 93.6049
1429 -82.3394 93.018
1430 -82.4281 92.4525
1431 -82.5843 91.9016
1432 -82.8359 91.3729
1433 -83.2176 90.8901
1434 -83.7645 90.4881
1435 -84.5018 90.2059
1436 -85.4334 90.0764
1437 -86.5344 90.1172
1438 -87.7541 90.3262
1439 -89.0261 90.682
1440 -90.2811 91.149
1441 -91.4631 91.6887
1442 -92.5379 92.2696
1443 -93.4875 92.8732
1444 -94.3033 93.4967
1445 -94.9805 94.1508
1446 -95.5077 94.849
1447 -95.8658 95.5968
1448 -96.0318 96.383
1449 -95.9866 97.1769
1450 -95.7217 97.9317
1451 -95.2442 98.5955
1452 -94.5792 99.1252
1453 -93.7661 99.498
1454 -92.8567 99.7165
1455 -91.9122 99.8026
1456 -90.996 99.7872
1457 -90.1648 99.696
1458 -89.4581 99.5389
1459 -88.8909 99.3044
1460 -88.4538 98.9644
1461 -88.1197 98.4847
1462 -87.8579 97.8393
1463 -87.65 97.0245
1464 -87.4998 96.0658
1465 -87.4358 95.0182
1466 -87.5027 93.9589
1467 -87.7486 92.9728
1468 -88.2056 92.1386
1469 -88.8769 91.5139
1470 -89.7338 91.1225
1471 -90.7223 90.9578
1472 -91.7749 90.9908
1473 -92.8251 91.1872
1474 -93.8164 91.5204
1475 -94.7089 91.982
1476 -95.4795 92.5815
1477 -96.1164 93.336
1478 -96.6157 94.2573
1479 -96.9735 95.3375
1480 -97.1782 96.5357
1481 -97.2067 97.7812
1482 -97.0285 98.9874
1483 -96.6107 100.07
1484 -95.9282 100.964
1485 -94.9743 101.641
1486 -93.7671 102.105
1487 -92.3551 102.386
1488 -90.8107 102.532
1489 -89.2202 102.588
1490 -87.6711 102.59
1491 -86.2327 102.557
1492 -84.9467 102.491
1493 -83.8229 102.386
1494 -82.8488 102.233
1495 -82.0072 102.029
1496 -81.2885 101.784
1497 -80.6977 101.512
1498 -80.2539 101.239
1499 -79.9825 100.986
1500 -79.9041 100.771
1501 -80.0251 100.598
1502 -80.333 100.455
1503 -80.7993 100.318
1504 -81.383 100.155
1505 -82.0377 99.9365
1506 -82.7192 99.6431
1507 -83.3905 99.2727
1508 -84.0292 98.8417
1509 -84.6295 98.3821
1510 -85.2034 97.9362
1511 -85.7794 97.5484
1512 -86.3949 97.2601
1513 -87.0846 97.1053
1514 -87.8662 97.1076
1515 -88.7312 97.2791
1516 -89.6409 97.6198
1517 -90.5341 98.1155
1518 -91.3422 98.7397
1519 -92.0072 99.4554
1520 -92.4953 100.221
1521 -92.8019 101
1522 -92.948 101.764
1523 -92.9725 102.503
1524 -92.9239 103.218
1525 -92.851 103.917
1526 -92.7948 104.605
1527 -92.783 105.269
1528 -92.8238 105.882
1529 -92.9062 106.4
1530 -93.0048 106.777
1531 -93.092 106.974
1532 -93.1499 106.976
1533 -93.1807 106.796
1534 -93.2089 106.472
1535 -93.2751 106.066
1536 -93.4215 105.644
1537 -93.6753 105.267
1538 -94.036 104.974
1539 -94.4721 104.771
1540 -94.9292 104.636
1541 -95.3461 104.529
1542 -95.6701 104.403
1543 -95.8694 104.23
1544 -95.937 104.005
1545 -95.8881 103.757
1546 -95.7535 103.538
1547 -95.5714 103.406
1548 -95.3747 103.409
1549 -95.1803 103.558
1550 -94.9848 103.828
1551 -94.7629 104.162
1552 -94.4742 104.484
1553 -94.0744 104.728
1554 -93.5281 104.853
1555 -92.8214 104.852
1556 -91.9678 104.752
1557 -91.0098 104.6
1558 -90.0062 104.45
1559 -89.0168 104.34
1560 -88.0879 104.284
1561 -87.237 104.265
1562 -86.4525 104.249
1563 -85.7049 104.191
1564 -84.9637 104.058
1565 -84.2136 103.834
1566 -83.4671 103.528
1567 -82.7663 103.17
1568 -82.175 102.801
1569 -81.7603 102.461
1570 -81.5761 102.179
1571 -81.6471 101.963
1572 -81.963 101.797
1573 -82.4829 101.651
1574 -83.1469 101.485
1575 -83.8918 101.263
1576 -84.6616 100.967
1577 -85.415 100.598
1578 -86.1239 100.17
1579 -86.7725 99.7116
1580 -87.3565 99.2476
1581 -87.8779 98.7983
1582 -88.3421 98.3766
1583 -88.7515 97.9909
1584 -89.1002 97.6485
1585 -89.3683 97.3597
1586 -89.5233 97.1358
1587 -89.5267 96.9866
1588 -89.3456 96.9167
1589 -88.9653 96.9248
1590 -88.3998 97.0048
1591 -87.6907 97.1514
1592 -86.8978 97.3659
1593 -86.0886 97.6568
1594 -85.3227 98.0367
1595 -84.6373 98.5142
1596 -84.0447 99.0835
1597 -83.5338 99.7195
1598 -83.0791 100.375
1599 -82.6527 100.99
1600 -82.2314 101.51
1601 -81.8067 101.897
1602 -81.3888 102.143
1603 -81.0071 102.273
1604 -80.7042 102.335
1605 -80.5282 102.388
1606 -80.5195 102.485
1607 -80.6977 102.659
1608 -81.0562 102.912
1609 -81.5641 103.222
1610 -82.1777 103.552
1611 -82.8541 103.865
1612 -83.566 104.14
1613 -84.3068 104.38
1614 -85.0877 104.614
1615 -85.9296 104.889
1616 -86.8472 105.256
1617 -87.8363 105.758
1618 -88.8647 106.406
1619 -89.8737 107.181
1620 -90.7909 108.032
1621 -91.546 108.89
1622 -92.0854 109.69
1623 -92.3847 110.388
1624 -92.4494 110.975
1625 -92.3103 111.477
1626 -92.0152 111.942
1627 -91.6171 112.422
1628 -91.1596 112.953
1629 -90.6663 113.536
1630 -90.1384 114.132
1631 -89.5578 114.677
1632 -88.8985 115.103
1633 -88.1414 115.357
1634 -87.2863 115.421
1635 -86.3602 115.311
1636 -85.416 115.075
1637 -84.5213 114.769
1638 -83.7422 114.443
1639 -83.1206 114.124
1640 -82.6585 113.803
1641 -82.3179 113.442
1642 -82.0341 112.988
1643 -81.7363 112.392
1644 -81.369 111.628
1645 -80.9074 110.707
1646 -80.3632 109.683
1647 -79.7791 108.641
1648 -79.2144 107.684
1649 -78.7238 106.899
1650 -78.3374 106.337
1651 -78.049 105.999
1652 -77.8186 105.84
1653 -77.5852 105.794
1654 -77.2874 105.801
1655 -76.8796 105.824
1656 -76.3445 105.864
1657 -75.6993 105.952
1658 -74.9893 106.134
1659 -74.2775 106.447
1660 -73.6293 106.911
1661 -73.0939 107.513
1662 -72.6916 108.213
1663 -72.4122 108.953
1664 -72.2234 109.669
1665 -72.085 110.306
1666 -71.9647 110.827
1667 -71.85 111.211
1668 -71.7504 111.455
1669 -71.6948 111.569
1670 -71.7193 111.575
1671 -71.853 111.493
1672 -72.1055 111.34
1673 -72.4617 111.123
1674 -72.882 110.833
1675 -73.3132 110.45
1676 -73.6981 109.957
1677 -73.9883 109.339
1678 -74.1541 108.599
1679 -74.1895 107.749
1680 -74.1105 106.818
1681 -73.9542 105.844
1682 -73.7717 104.869
1683 -73.6196 103.939
1684 -73.5479 103.097
1685 -73.5877 102.38
1686 -73.7447 101.814
1687 -73.9989 101.415
1688 -74.3154 101.186
1689 -74.6577 101.117
1690 -75.0017 101.193
1691 -75.3441 101.397
1692 -75.7005 101.714
1693 -76.0973 102.14
1694 -76.5582 102.679
1695 -77.0905 103.332
1696 -77.677 104.093
1697 -78.2754 104.936
1698 -78.8246 105.814
1699 -79.2589 106.661
1700 -79.5228 107.406
1701 -79.584 107.984
1702 -79.4413 108.355
1703 -79.1266 108.507
1704 -78.7012 108.461
1705 -78.2437 108.261
1706 -77.8332 107.959
1707 -77.5291 107.59
1708 -77.3546 107.167
1709 -77.294 106.673
1710 -77.3018 106.074
1711 -77.3233 105.329
1712 -77.3163 104.412
1713 -77.2659 103.325
1714 -77.1919 102.105
1715 -77.1429 100.82
1716 -77.1806 99.5598
1717 -77.3578 98.4156
1718 -77.698 97.4537
1719 -78.1837 96.6973
1720 -78.7596 96.1242
1721 -79.3516 95.6762
1722 -79.8918 95.2829
1723 -80.3383 94.8917
1724 -80.6858 94.4903
1725 -80.9664 94.1121
1726 -81.2373 93.8279
1727 -81.5602 93.7226
1728 -81.9801 93.8636
1729 -82.5099 94.2756
1730 -83.1279 94.9276
1731 -83.7853 95.7433
1732 -84.4236 96.6264
1733 -84.9877 97.4843
1734 -85.4365 98.2516
1735 -85.7529 98.9065
1736 -85.9435 99.4653
1737 -86.0364 99.9726
1738 -86.0734 100.48
1739 -86.0983 101.027
1740 -86.1413 101.62
1741 -86.2077 102.231
1742 -86.2737 102.8
1743 -86.2939 103.248
1744 -86.2188 103.506
1745 -86.0145 103.53
1746 -85.6782 103.311
1747 -85.2445 102.88
1748 -84.7797 102.294
1749 -84.3629 101.623
1750 -84.0626 100.929
1751 -83.9166 100.25
1752 -83.9259 99.5956
1753 -84.0604 98.9497
1754 -84.2758 98.2845
1755 -84.5297 97.5774
1756 -84.7923 96.8234
1757 -85.0499 96.0424
1758 -85.3053 95.2745
1759 -85.5735 94.5694
1760 -85.8747 93.9795
1761 -86.229 93.5461
1762 -86.6511 93.2917
1763 -87.1435 93.2191
1764 -87.6916 93.3159
1765 -88.2647 93.5592
1766 -88.8196 93.9252
1767 -89.3117 94.3924
1768 -89.7057 94.9419
1769 -89.9863 95.5571
1770 -90.1628 96.2217
1771 -90.2657 96.9179
1772 -90.3351 97.626
1773 -90.4098 98.3283
1774 -90.5167 99.01
1775 -90.6662 99.655
1776 -90.8541 100.246
1777 -91.0658 100.763
1778 -91.2825 101.182
1779 -91.488 101.476
1780 -91.6734 101.618
1781 -91.8395 101.586
1782 -91.9966 101.365
1783 -92.1631 100.952
1784 -92.3605 100.354
1785 -92.6075 99.5896
1786 -92.9136 98.6791
1787 -93.2727 97.6443
1788 -93.6609 96.4977
1789 -94.0376 95.2405
1790 -94.3525 93.8689
1791 -94.5575 92.3781
1792 -94.6175 90.7693
1793 -94.5202 89.0621
1794 -94.2775 87.3005
1795 -93.9219 85.55
1796 -93.4954 83.8897
1797 -93.0367 82.3985
1798 -92.5695 81.1346
1799 -92.0964 80.1215
1800 -91.6035 79.3464
1801 -91.0699 78.7701
1802 -90.4775 78.3437
1803 -89.8263 78.0338
1804 -89.1393 77.8367
1805 -88.4572 77.7781
1806 -87.8311 77.9029
1807 -87.3078 78.2522
1808 -86.915 78.8392
1809 -86.6528 79.6333
1810 -86.4908 80.5617
1811 -86.3789 81.5239
1812 -86.2633 82.4187
1813 -86.1012 83.1615
1814 -85.8735 83.7007
1815 -85.5874 84.0273
1816 -85.2722 84.1659
1817 -84.9694 84.1637
1818 -84.7165 84.0711
1819 -84.5334 83.924
1820 -84.4158 83.7311
1821 -84.3345 83.4706
1822 -84.2413 83.0966
1823 -84.0848 82.5602
1824 -83.8232 81.829
1825 -83.4372 80.9045
1826 -82.936 79.8298
1827 -82.3571 78.6834
1828 -81.7607 77.5642
1829 -81.2145 76.5649
1830 -80.7761 75.7469
1831 -80.4772 75.1274
1832 -80.3183 74.6834
1833 -80.2732 74.3644
1834 -80.3016 74.1159
1835 -80.3674 73.8993
1836 -80.448 73.7023
1837 -80.5393 73.5394
1838 -80.6508 73.4416
1839 -80.797 73.4424
1840 -80.9856 73.5638
1841 -81.2099 73.8063
1842 -81.4443 74.1453
1843 -81.65 74.5401
1844 -81.7819 74.9445
1845 -81.7957 75.3167
1846 -81.6561 75.6297
1847 -81.3423 75.8749
1848 -80.8512 76.0602
1849 -80.1998 76.2035
1850 -79.4235 76.3252
1851 -78.5708 76.4418
1852 -77.6972 76.5602
1853 -76.8511 76.6778
1854 -76.0674 76.7831
1855 -75.3671 76.8591
1856 -74.7579 76.888
1857 -74.237 76.8554
1858 -73.7979 76.7539
1859 -73.4342 76.5816
1860 -73.1423 76.3422
1861 -72.9223 76.0425
1862 -72.7789 75.6931
1863 -72.7209 75.3102
1864 -72.7598 74.919
1865 -72.9064 74.5523
1866 -73.1647 74.2477
1867 -73.526 74.0388
1868 -73.9635 73.9461
1869 -74.4342 73.9713
1870 -74.8879 74.0985
1871 -75.278 74.3016
1872 -75.5763 74.557
1873 -75.7786 74.8557
1874 -75.9059 75.2085
1875 -75.9947 75.643
1876 -76.085 76.1905
1877 -76.2073 76.8718
1878 -76.3716 77.6803
1879 -76.5649 78.5762
1880 -76.7558 79.4951
1881 -76.9028 80.3582
1882 -76.9659 81.0895
1883 -76.9176 81.6309
1884 -76.751 81.9551
1885 -76.4821 82.0684
1886 -76.1461 82.0083
1887 -75.787 81.8313
1888 -75.4446 81.5975
1889 -75.1405 81.3532
1890 -74.8681 81.1177
1891 -74.5957 80.883
1892 -74.2781 80.6217
1893 -73.8756 80.3064
1894 -73.3698 79.9268
1895 -72.774 79.5012
1896 -72.132 79.078
1897 -71.512 78.7268
1898 -70.9852 78.5164
1899 -70.6057 78.4935
1900 -70.3986 78.6687
1901 -70.3512 79.0101
1902 -70.4207 79.4529
1903 -70.55 79.9184
1904 -70.6863 80.3366
1905 -70.7976 80.6638
1906 -70.8809 80.8912
1907 -70.9615 81.0425
1908 -71.0855 81.161
1909 -71.3035 81.2926
1910 -71.6558 81.4699
1911 -72.1583 81.7009
1912 -72.7995 81.9697
1913 -73.5402 82.2432
1914 -74.3239 82.4845
1915 -75.0911 82.6675
1916 -75.7871 82.7839
1917 -76.3703 82.8445
1918 -76.815 82.8736
1919 -77.1125 82.8998
1920 -77.2698 82.9457
1921 -77.3025 83.0215
1922 -77.2284 83.1219
1923 -77.0594 83.2285
1924 -76.8003 83.3141
1925 -76.4499 83.3492
1926 -76.0069 83.3076
1927 -75.4762 83.17
1928 -74.8744 82.9261
1929 -74.2313 82.574
1930 -73.5879 82.1184
1931 -72.9904 81.5694
1932 -72.4833 80.9413
1933 -72.1038 80.2538
1934 -71.8787 79.5323
1935 -71.8215 78.8064
1936 -71.9302 78.1076
1937 -72.1889 77.4639
1938 -72.5677 76.8952
1939 -73.0293 76.4093
1940 -73.5343 76.0042
1941 -74.0498 75.6719
1942 -74.5547 75.4072
1943 -75.0441 75.2136
1944 -75.5286 75.1072
1945 -76.0266 75.1141
1946 -76.5561 75.2611
1947 -77.1254 75.5632
1948 -77.7294 76.0148
1949 -78.3513 76.5888
1950 -78.9694 77.2422
1951 -79.5699 77.9286
1952 -80.1546 78.6107
1953 -80.7437 79.2678
1954 -81.3696 79.8968
1955 -82.0643 80.508
1956 -82.8456 81.1158
1957 -83.7046 81.731
1958 -84.6026 82.3512
1959 -85.4776 82.9571
1960 -86.263 83.5154
1961 -86.9027 83.9847
1962 -87.3617 84.3268
1963 -87.6309 84.519
1964 -87.7253 84.5634
1965 -87.6766 84.487
1966 -87.5251 84.3351
1967 -87.3123 84.158
1968 -87.072 83.994
1969 -86.8257 83.8562
1970 -86.5828 83.7316
1971 -86.3453 83.5873
1972 -86.1137 83.387
1973 -85.897 83.1087
1974 -85.7166 82.7579
1975 -85.605 82.3692
1976 -85.5984 81.9962
1977 -85.7221 81.6932
1978 -85.9793 81.4949
1979 -86.3422 81.4033
1980 -86.7558 81.3865
1981 -87.15 81.3914
1982 -87.4585 81.3629
1983 -87.6331 81.2654
1984 -87.6543 81.096
1985 -87.5325 80.8874
1986 -87.3008 80.6991
1987 -87.0018 80.599
1988 -86.6728 80.6428
1989 -86.3361 80.857
1990 -85.9928 81.2312
1991 -85.627 81.7232
1992 -85.2159 82.2736
1993 -84.7418 82.8233
1994 -84.2055 83.3288
1995 -83.6341 83.7703
1996 -83.0801 84.1532
1997 -82.6115 84.5001
1998 -82.2921 84.8375
1999 -82.1596 85.182
2000 -82.2121 85.5298
2001 -82.4089 85.8553
