     1	106.313
     2	106.093
     3	105.891
     4	105.708
     5	105.55
     6	105.436
     7	105.391
     8	105.445
     9	105.621
    10	105.933
    11	106.376
    12	106.933
    13	107.574
    14	108.267
    15	108.982
    16	109.696
    17	110.393
    18	111.058
    19	111.679
    20	112.237
    21	112.711
    22	113.076
    23	113.31
    24	113.402
    25	113.357
    26	113.192
    27	112.938
    28	112.634
    29	112.311
    30	111.987
    31	111.666
    32	111.339
    33	110.99
    34	110.605
    35	110.182
    36	109.728
    37	109.258
    38	108.788
    39	108.325
    40	107.866
    41	107.393
    42	106.882
    43	106.308
    44	105.663
    45	104.957
    46	104.225
    47	103.519
    48	102.896
    49	102.402
    50	102.061
    51	101.871
    52	101.807
    53	101.833
    54	101.917
    55	102.041
    56	102.206
    57	102.428
    58	102.731
    59	103.135
    60	103.645
    61	104.245
    62	104.901
    63	105.571
    64	106.21
    65	106.789
    66	107.299
    67	107.75
    68	108.167
    69	108.574
    70	108.988
    71	109.406
    72	109.807
    73	110.156
    74	110.419
    75	110.567
    76	110.585
    77	110.476
    78	110.257
    79	109.95
    80	109.582
    81	109.172
    82	108.735
    83	108.283
    84	107.824
    85	107.377
    86	106.963
    87	106.619
    88	106.379
    89	106.273
    90	106.317
    91	106.51
    92	106.828
    93	107.23
    94	107.67
    95	108.104
    96	108.497
    97	108.831
    98	109.1
    99	109.307
   100	109.458
   101	109.562
   102	109.626
   103	109.658
   104	109.668
   105	109.67
   106	109.678
   107	109.704
   108	109.755
   109	109.831
   110	109.921
   111	110.007
   112	110.071
   113	110.096
   114	110.072
   115	109.998
   116	109.88
   117	109.73
   118	109.559
   119	109.372
   120	109.171
   121	108.953
   122	108.717
   123	108.464
   124	108.208
   125	107.97
   126	107.777
   127	107.657
   128	107.633
   129	107.712
   130	107.886
   131	108.135
   132	108.428
   133	108.733
   134	109.027
   135	109.296
   136	109.54
   137	109.77
   138	110.001
   139	110.243
   140	110.498
   141	110.76
   142	111.016
   143	111.256
   144	111.483
   145	111.713
   146	111.977
   147	112.313
   148	112.753
   149	113.318
   150	114.002
   151	114.782
   152	115.615
   153	116.454
   154	117.258
   155	117.998
   156	118.661
   157	119.249
   158	119.773
   159	120.248
   160	120.685
   161	121.087
   162	121.445
   163	121.743
   164	121.959
   165	122.073
   166	122.069
   167	121.942
   168	121.697
   169	121.344
   170	120.899
   171	120.376
   172	119.79
   173	119.151
   174	118.47
   175	117.757
   176	117.025
   177	116.289
   178	115.563
   179	114.861
   180	114.2
   181	113.599
   182	113.083
   183	112.686
   184	112.446
   185	112.407
   186	112.602
   187	113.052
   188	113.753
   189	114.678
   190	115.776
   191	116.982
   192	118.23
   193	119.464
   194	120.635
   195	121.725
   196	122.731
   197	123.664
   198	124.537
   199	125.357
   200	126.119
   201	126.808
   202	127.401
   203	127.875
   204	128.22
   205	128.436
   206	128.537
   207	128.543
   208	128.478
   209	128.357
   210	128.189
   211	127.975
   212	127.709
   213	127.383
   214	126.996
   215	126.554
   216	126.073
   217	125.577
   218	125.102
   219	124.681
   220	124.35
   221	124.134
   222	124.055
   223	124.123
   224	124.345
   225	124.726
   226	125.268
   227	125.972
   228	126.83
   229	127.823
   230	128.913
   231	130.051
   232	131.178
   233	132.234
   234	133.167
   235	133.942
   236	134.54
   237	134.957
   238	135.196
   239	135.267
   240	135.175
   241	134.926
   242	134.525
   243	133.981
   244	133.31
   245	132.54
   246	131.709
   247	130.861
   248	130.043
   249	129.296
   250	128.648
   251	128.117
   252	127.703
   253	127.396
   254	127.176
   255	127.025
   256	126.928
   257	126.875
   258	126.862
   259	126.892
   260	126.963
   261	127.075
   262	127.222
   263	127.396
   264	127.59
   265	127.8
   266	128.023
   267	128.259
   268	128.506
   269	128.754
   270	128.986
   271	129.174
   272	129.288
   273	129.301
   274	129.199
   275	128.981
   276	128.662
   277	128.261
   278	127.797
   279	127.284
   280	126.726
   281	126.126
   282	125.49
   283	124.836
   284	124.195
   285	123.613
   286	123.136
   287	122.804
   288	122.637
   289	122.635
   290	122.775
   291	123.023
   292	123.341
   293	123.695
   294	124.064
   295	124.439
   296	124.822
   297	125.224
   298	125.651
   299	126.105
   300	126.573
   301	127.028
   302	127.437
   303	127.765
   304	127.991
   305	128.112
   306	128.152
   307	128.147
   308	128.144
   309	128.176
   310	128.255
   311	128.367
   312	128.473
   313	128.528
   314	128.49
   315	128.338
   316	128.073
   317	127.717
   318	127.309
   319	126.892
   320	126.5
   321	126.155
   322	125.861
   323	125.611
   324	125.393
   325	125.199
   326	125.033
   327	124.91
   328	124.851
   329	124.88
   330	125.014
   331	125.261
   332	125.611
   333	126.045
   334	126.533
   335	127.042
   336	127.541
   337	128.004
   338	128.414
   339	128.757
   340	129.024
   341	129.211
   342	129.311
   343	129.322
   344	129.241
   345	129.07
   346	128.813
   347	128.477
   348	128.07
   349	127.603
   350	127.087
   351	126.532
   352	125.95
   353	125.358
   354	124.774
   355	124.223
   356	123.726
   357	123.304
   358	122.971
   359	122.73
   360	122.574
   361	122.49
   362	122.462
   363	122.477
   364	122.529
   365	122.623
   366	122.764
   367	122.963
   368	123.22
   369	123.527
   370	123.866
   371	124.209
   372	124.527
   373	124.794
   374	124.999
   375	125.145
   376	125.249
   377	125.34
   378	125.446
   379	125.586
   380	125.763
   381	125.965
   382	126.165
   383	126.331
   384	126.436
   385	126.468
   386	126.426
   387	126.325
   388	126.185
   389	126.025
   390	125.854
   391	125.667
   392	125.45
   393	125.183
   394	124.85
   395	124.45
   396	123.999
   397	123.531
   398	123.086
   399	122.703
   400	122.406
   401	122.198
   402	122.061
   403	121.96
   404	121.856
   405	121.717
   406	121.524
   407	121.275
   408	120.983
   409	120.67
   410	120.352
   411	120.038
   412	119.718
   413	119.374
   414	118.987
   415	118.54
   416	118.036
   417	117.493
   418	116.944
   419	116.425
   420	115.968
   421	115.591
   422	115.294
   423	115.063
   424	114.874
   425	114.702
   426	114.53
   427	114.35
   428	114.164
   429	113.979
   430	113.804
   431	113.648
   432	113.51
   433	113.387
   434	113.269
   435	113.145
   436	113.007
   437	112.852
   438	112.681
   439	112.5
   440	112.317
   441	112.138
   442	111.964
   443	111.795
   444	111.629
   445	111.469
   446	111.319
   447	111.189
   448	111.085
   449	111.007
   450	110.949
   451	110.895
   452	110.831
   453	110.747
   454	110.645
   455	110.545
   456	110.48
   457	110.49
   458	110.609
   459	110.856
   460	111.23
   461	111.708
   462	112.253
   463	112.823
   464	113.381
   465	113.905
   466	114.386
   467	114.826
   468	115.23
   469	115.601
   470	115.927
   471	116.179
   472	116.322
   473	116.315
   474	116.13
   475	115.759
   476	115.216
   477	114.541
   478	113.789
   479	113.015
   480	112.261
   481	111.546
   482	110.866
   483	110.2
   484	109.523
   485	108.825
   486	108.114
   487	107.424
   488	106.804
   489	106.303
   490	105.957
   491	105.776
   492	105.742
   493	105.817
   494	105.953
   495	106.112
   496	106.278
   497	106.458
   498	106.677
   499	106.972
   500	107.371
   501	107.886
   502	108.506
   503	109.198
   504	109.915
   505	110.605
   506	111.227
   507	111.751
   508	112.168
   509	112.484
   510	112.711
   511	112.86
   512	112.935
   513	112.929
   514	112.827
   515	112.617
   516	112.29
   517	111.852
   518	111.32
   519	110.724
   520	110.097
   521	109.466
   522	108.854
   523	108.273
   524	107.733
   525	107.246
   526	106.822
   527	106.472
   528	106.202
   529	106.009
   530	105.879
   531	105.791
   532	105.722
   533	105.653
   534	105.575
   535	105.486
   536	105.395
   537	105.315
   538	105.255
   539	105.222
   540	105.214
   541	105.224
   542	105.239
   543	105.249
   544	105.246
   545	105.234
   546	105.22
   547	105.22
   548	105.243
   549	105.289
   550	105.339
   551	105.363
   552	105.32
   553	105.172
   554	104.9
   555	104.509
   556	104.029
   557	103.513
   558	103.018
   559	102.588
   560	102.244
   561	101.98
   562	101.767
   563	101.568
   564	101.353
   565	101.11
   566	100.847
   567	100.583
   568	100.348
   569	100.162
   570	100.033
   571	99.9502
   572	99.8847
   573	99.7997
   574	99.6612
   575	99.4501
   576	99.1719
   577	98.8591
   578	98.5695
   579	98.3742
   580	98.3388
   581	98.5071
   582	98.8909
   583	99.4701
   584	100.204
   585	101.046
   586	101.963
   587	102.936
   588	103.963
   589	105.045
   590	106.18
   591	107.352
   592	108.529
   593	109.671
   594	110.733
   595	111.674
   596	112.467
   597	113.098
   598	113.568
   599	113.886
   600	114.067
   601	114.13
   602	114.091
   603	113.961
   604	113.743
   605	113.439
   606	113.051
   607	112.586
   608	112.056
   609	111.476
   610	110.866
   611	110.241
   612	109.61
   613	108.977
   614	108.343
   615	107.71
   616	107.087
   617	106.491
   618	105.945
   619	105.47
   620	105.084
   621	104.796
   622	104.604
   623	104.498
   624	104.464
   625	104.49
   626	104.571
   627	104.708
   628	104.908
   629	105.174
   630	105.508
   631	105.906
   632	106.359
   633	106.857
   634	107.391
   635	107.956
   636	108.548
   637	109.168
   638	109.816
   639	110.484
   640	111.167
   641	111.851
   642	112.523
   643	113.165
   644	113.76
   645	114.293
   646	114.75
   647	115.124
   648	115.407
   649	115.597
   650	115.689
   651	115.678
   652	115.557
   653	115.326
   654	114.985
   655	114.547
   656	114.031
   657	113.462
   658	112.87
   659	112.284
   660	111.728
   661	111.225
   662	110.792
   663	110.45
   664	110.219
   665	110.118
   666	110.166
   667	110.374
   668	110.737
   669	111.236
   670	111.837
   671	112.497
   672	113.172
   673	113.827
   674	114.444
   675	115.017
   676	115.548
   677	116.043
   678	116.502
   679	116.92
   680	117.279
   681	117.555
   682	117.723
   683	117.763
   684	117.668
   685	117.449
   686	117.129
   687	116.745
   688	116.337
   689	115.944
   690	115.592
   691	115.294
   692	115.048
   693	114.849
   694	114.686
   695	114.557
   696	114.465
   697	114.422
   698	114.436
   699	114.514
   700	114.648
   701	114.818
   702	114.99
   703	115.129
   704	115.198
   705	115.173
   706	115.041
   707	114.802
   708	114.468
   709	114.056
   710	113.587
   711	113.078
   712	112.55
   713	112.021
   714	111.511
   715	111.042
   716	110.64
   717	110.33
   718	110.133
   719	110.066
   720	110.136
   721	110.343
   722	110.675
   723	111.112
   724	111.632
   725	112.207
   726	112.814
   727	113.43
   728	114.038
   729	114.623
   730	115.174
   731	115.685
   732	116.154
   733	116.583
   734	116.976
   735	117.339
   736	117.678
   737	117.993
   738	118.278
   739	118.518
   740	118.699
   741	118.807
   742	118.837
   743	118.793
   744	118.691
   745	118.552
   746	118.395
   747	118.236
   748	118.079
   749	117.918
   750	117.743
   751	117.544
   752	117.322
   753	117.089
   754	116.871
   755	116.707
   756	116.637
   757	116.695
   758	116.902
   759	117.256
   760	117.737
   761	118.311
   762	118.939
   763	119.586
   764	120.224
   765	120.84
   766	121.424
   767	121.976
   768	122.488
   769	122.948
   770	123.343
   771	123.654
   772	123.869
   773	123.98
   774	123.989
   775	123.912
   776	123.767
   777	123.58
   778	123.374
   779	123.167
   780	122.97
   781	122.784
   782	122.607
   783	122.434
   784	122.261
   785	122.09
   786	121.927
   787	121.781
   788	121.658
   789	121.563
   790	121.488
   791	121.424
   792	121.354
   793	121.264
   794	121.144
   795	120.993
   796	120.814
   797	120.615
   798	120.404
   799	120.188
   800	119.969
   801	119.75
   802	119.531
   803	119.315
   804	119.105
   805	118.908
   806	118.728
   807	118.568
   808	118.432
   809	118.324
   810	118.252
   811	118.227
   812	118.265
   813	118.385
   814	118.605
   815	118.937
   816	119.387
   817	119.95
   818	120.611
   819	121.35
   820	122.139
   821	122.952
   822	123.762
   823	124.551
   824	125.303
   825	126.007
   826	126.652
   827	127.224
   828	127.709
   829	128.085
   830	128.331
   831	128.43
   832	128.372
   833	128.161
   834	127.812
   835	127.354
   836	126.825
   837	126.262
   838	125.697
   839	125.156
   840	124.652
   841	124.192
   842	123.779
   843	123.416
   844	123.112
   845	122.877
   846	122.723
   847	122.658
   848	122.681
   849	122.781
   850	122.936
   851	123.117
   852	123.295
   853	123.447
   854	123.563
   855	123.644
   856	123.701
   857	123.752
   858	123.813
   859	123.893
   860	123.992
   861	124.102
   862	124.211
   863	124.307
   864	124.381
   865	124.43
   866	124.456
   867	124.469
   868	124.476
   869	124.486
   870	124.504
   871	124.529
   872	124.558
   873	124.582
   874	124.592
   875	124.579
   876	124.535
   877	124.459
   878	124.352
   879	124.215
   880	124.053
   881	123.87
   882	123.669
   883	123.453
   884	123.224
   885	122.988
   886	122.749
   887	122.513
   888	122.284
   889	122.065
   890	121.863
   891	121.685
   892	121.542
   893	121.451
   894	121.429
   895	121.492
   896	121.645
   897	121.885
   898	122.195
   899	122.55
   900	122.922
   901	123.283
   902	123.61
   903	123.887
   904	124.106
   905	124.26
   906	124.345
   907	124.356
   908	124.283
   909	124.114
   910	123.835
   911	123.435
   912	122.908
   913	122.256
   914	121.494
   915	120.644
   916	119.736
   917	118.801
   918	117.868
   919	116.955
   920	116.074
   921	115.227
   922	114.416
   923	113.643
   924	112.916
   925	112.253
   926	111.67
   927	111.188
   928	110.816
   929	110.554
   930	110.392
   931	110.314
   932	110.3
   933	110.333
   934	110.404
   935	110.51
   936	110.651
   937	110.829
   938	111.04
   939	111.272
   940	111.509
   941	111.726
   942	111.899
   943	112.008
   944	112.041
   945	111.995
   946	111.874
   947	111.69
   948	111.456
   949	111.181
   950	110.87
   951	110.524
   952	110.141
   953	109.719
   954	109.264
   955	108.791
   956	108.325
   957	107.899
   958	107.547
   959	107.295
   960	107.159
   961	107.141
   962	107.231
   963	107.412
   964	107.67
   965	107.996
   966	108.386
   967	108.842
   968	109.36
   969	109.931
   970	110.534
   971	111.139
   972	111.71
   973	112.215
   974	112.629
   975	112.936
   976	113.135
   977	113.235
   978	113.25
   979	113.199
   980	113.094
   981	112.945
   982	112.753
   983	112.515
   984	112.228
   985	111.897
   986	111.536
   987	111.17
   988	110.836
   989	110.57
   990	110.404
   991	110.36
   992	110.442
   993	110.643
   994	110.945
   995	111.327
   996	111.773
   997	112.276
   998	112.838
   999	113.461
  1000	114.149
  1001	114.897
  1002	115.683
  1003	116.47
  1004	117.209
  1005	117.851
  1006	118.354
  1007	118.692
  1008	118.857
  1009	118.852
  1010	118.691
  1011	118.387
  1012	117.954
  1013	117.398
  1014	116.727
  1015	115.945
  1016	115.064
  1017	114.103
  1018	113.094
  1019	112.081
  1020	111.114
  1021	110.245
  1022	109.515
  1023	108.946
  1024	108.543
  1025	108.293
  1026	108.182
  1027	108.194
  1028	108.321
  1029	108.563
  1030	108.916
  1031	109.379
  1032	109.942
  1033	110.584
  1034	111.278
  1035	111.992
  1036	112.695
  1037	113.352
  1038	113.934
  1039	114.416
  1040	114.777
  1041	115.003
  1042	115.079
  1043	114.992
  1044	114.727
  1045	114.274
  1046	113.63
  1047	112.807
  1048	111.829
  1049	110.736
  1050	109.577
  1051	108.403
  1052	107.261
  1053	106.192
  1054	105.222
  1055	104.374
  1056	103.657
  1057	103.083
  1058	102.658
  1059	102.385
  1060	102.269
  1061	102.31
  1062	102.506
  1063	102.849
  1064	103.319
  1065	103.888
  1066	104.517
  1067	105.163
  1068	105.78
  1069	106.327
  1070	106.77
  1071	107.086
  1072	107.264
  1073	107.308
  1074	107.24
  1075	107.093
  1076	106.906
  1077	106.715
  1078	106.549
  1079	106.418
  1080	106.319
  1081	106.232
  1082	106.134
  1083	106.002
  1084	105.826
  1085	105.612
  1086	105.384
  1087	105.178
  1088	105.029
  1089	104.961
  1090	104.974
  1091	105.042
  1092	105.119
  1093	105.149
  1094	105.083
  1095	104.892
  1096	104.573
  1097	104.154
  1098	103.682
  1099	103.211
  1100	102.784
  1101	102.423
  1102	102.117
  1103	101.829
  1104	101.508
  1105	101.108
  1106	100.606
  1107	100.007
  1108	99.3541
  1109	98.7139
  1110	98.1597
  1111	97.7534
  1112	97.5279
  1113	97.4815
  1114	97.5823
  1115	97.7833
  1116	98.0385
  1117	98.3165
  1118	98.6077
  1119	98.9238
  1120	99.2873
  1121	99.7209
  1122	100.234
  1123	100.814
  1124	101.427
  1125	102.02
  1126	102.542
  1127	102.949
  1128	103.222
  1129	103.367
  1130	103.416
  1131	103.415
  1132	103.414
  1133	103.45
  1134	103.538
  1135	103.67
  1136	103.822
  1137	103.957
  1138	104.046
  1139	104.072
  1140	104.038
  1141	103.962
  1142	103.874
  1143	103.797
  1144	103.742
  1145	103.698
  1146	103.634
  1147	103.51
  1148	103.289
  1149	102.946
  1150	102.476
  1151	101.896
  1152	101.244
  1153	100.569
  1154	99.9227
  1155	99.3519
  1156	98.8851
  1157	98.5291
  1158	98.2682
  1159	98.0689
  1160	97.8916
  1161	97.7023
  1162	97.4826
  1163	97.2338
  1164	96.9755
  1165	96.7375
  1166	96.5484
  1167	96.4247
  1168	96.3634
  1169	96.3433
  1170	96.3327
  1171	96.2997
  1172	96.2231
  1173	96.0995
  1174	95.9464
  1175	95.7993
  1176	95.7027
  1177	95.6999
  1178	95.8213
  1179	96.0754
  1180	96.4455
  1181	96.8923
  1182	97.3625
  1183	97.7985
  1184	98.1494
  1185	98.382
  1186	98.4848
  1187	98.466
  1188	98.3489
  1189	98.1611
  1190	97.9229
  1191	97.6389
  1192	97.2957
  1193	96.8676
  1194	96.3281
  1195	95.6619
  1196	94.8746
  1197	93.9972
  1198	93.0856
  1199	92.2123
  1200	91.4521
  1201	90.8666
  1202	90.4922
  1203	90.3308
  1204	90.3499
  1205	90.4932
  1206	90.6946
  1207	90.8951
  1208	91.0577
  1209	91.1756
  1210	91.2702
  1211	91.3821
  1212	91.5539
  1213	91.8128
  1214	92.1585
  1215	92.5628
  1216	92.978
  1217	93.3527
  1218	93.6449
  1219	93.8326
  1220	93.9197
  1221	93.9344
  1222	93.9224
  1223	93.9347
  1224	94.0155
  1225	94.1888
  1226	94.4517
  1227	94.7733
  1228	95.1038
  1229	95.3872
  1230	95.5755
  1231	95.6431
  1232	95.5945
  1233	95.4646
  1234	95.3098
  1235	95.1916
  1236	95.1571
  1237	95.2237
  1238	95.3727
  1239	95.5563
  1240	95.7132
  1241	95.7893
  1242	95.7537
  1243	95.6105
  1244	95.3981
  1245	95.1804
  1246	95.0295
  1247	95.0044
  1248	95.1323
  1249	95.3993
  1250	95.7546
  1251	96.1277
  1252	96.4529
  1253	96.6903
  1254	96.8412
  1255	96.9506
  1256	97.0952
  1257	97.3589
  1258	97.8039
  1259	98.4489
  1260	99.2609
  1261	100.166
  1262	101.073
  1263	101.9
  1264	102.592
  1265	103.135
  1266	103.553
  1267	103.896
  1268	104.223
  1269	104.579
  1270	104.981
  1271	105.405
  1272	105.792
  1273	106.063
  1274	106.141
  1275	105.971
  1276	105.537
  1277	104.866
  1278	104.016
  1279	103.07
  1280	102.11
  1281	101.198
  1282	100.368
  1283	99.6131
  1284	98.9034
  1285	98.1992
  1286	97.4692
  1287	96.7069
  1288	95.9359
  1289	95.2098
  1290	94.6053
  1291	94.2053
  1292	94.0779
  1293	94.2573
  1294	94.7339
  1295	95.4573
  1296	96.3513
  1297	97.3334
  1298	98.3356
  1299	99.316
  1300	100.257
  1301	101.163
  1302	102.049
  1303	102.931
  1304	103.814
  1305	104.686
  1306	105.518
  1307	106.261
  1308	106.862
  1309	107.278
  1310	107.48
  1311	107.47
  1312	107.278
  1313	106.959
  1314	106.58
  1315	106.197
  1316	105.848
  1317	105.535
  1318	105.236
  1319	104.912
  1320	104.526
  1321	104.06
  1322	103.523
  1323	102.955
  1324	102.417
  1325	101.98
  1326	101.708
  1327	101.639
  1328	101.781
  1329	102.109
  1330	102.573
  1331	103.111
  1332	103.672
  1333	104.221
  1334	104.752
  1335	105.28
  1336	105.83
  1337	106.42
  1338	107.042
  1339	107.657
  1340	108.194
  1341	108.571
  1342	108.715
  1343	108.579
  1344	108.149
  1345	107.452
  1346	106.538
  1347	105.473
  1348	104.322
  1349	103.142
  1350	101.968
  1351	100.815
  1352	99.683
  1353	98.5697
  1354	97.4825
  1355	96.446
  1356	95.5054
  1357	94.7205
  1358	94.1527
  1359	93.8479
  1360	93.8175
  1361	94.034
  1362	94.4358
  1363	94.9466
  1364	95.4951
  1365	96.0304
  1366	96.5282
  1367	96.9872
  1368	97.4209
  1369	97.847
  1370	98.2765
  1371	98.7097
  1372	99.1346
  1373	99.531
  1374	99.8747
  1375	100.143
  1376	100.318
  1377	100.393
  1378	100.371
  1379	100.26
  1380	100.069
  1381	99.8065
  1382	99.4742
  1383	99.0706
  1384	98.5952
  1385	98.0512
  1386	97.449
  1387	96.8076
  1388	96.1518
  1389	95.5087
  1390	94.906
  1391	94.3679
  1392	93.9143
  1393	93.5585
  1394	93.3077
  1395	93.1661
  1396	93.1373
  1397	93.2266
  1398	93.4417
  1399	93.7911
  1400	94.2781
  1401	94.8941
  1402	95.6152
  1403	96.4043
  1404	97.2174
  1405	98.0113
  1406	98.75
  1407	99.408
  1408	99.9717
  1409	100.435
  1410	100.797
  1411	101.058
  1412	101.223
  1413	101.295
  1414	101.283
  1415	101.19
  1416	101.018
  1417	100.761
  1418	100.409
  1419	99.9541
  1420	99.3914
  1421	98.7293
  1422	97.9884
  1423	97.2005
  1424	96.4027
  1425	95.6286
  1426	94.901
  1427	94.2281
  1428	93.6049
  1429	93.018
  1430	92.4525
  1431	91.9016
  1432	91.3729
  1433	90.8901
  1434	90.4881
  1435	90.2059
  1436	90.0764
  1437	90.1172
  1438	90.3262
  1439	90.682
  1440	91.149
  1441	91.6887
  1442	92.2696
  1443	92.8732
  1444	93.4967
  1445	94.1508
  1446	94.849
  1447	95.5968
  1448	96.383
  1449	97.1769
  1450	97.9317
  1451	98.5955
  1452	99.1252
  1453	99.498
  1454	99.7165
  1455	99.8026
  1456	99.7872
  1457	99.696
  1458	99.5389
  1459	99.3044
  1460	98.9644
  1461	98.4847
  1462	97.8393
  1463	97.0245
  1464	96.0658
  1465	95.0182
  1466	93.9589
  1467	92.9728
  1468	92.1386
  1469	91.5139
  1470	91.1225
  1471	90.9578
  1472	90.9908
  1473	91.1872
  1474	91.5204
  1475	91.982
  1476	92.5815
  1477	93.336
  1478	94.2573
  1479	95.3375
  1480	96.5357
  1481	97.7812
  1482	98.9874
  1483	100.07
  1484	100.964
  1485	101.641
  1486	102.105
  1487	102.386
  1488	102.532
  1489	102.588
  1490	102.59
  1491	102.557
  1492	102.491
  1493	102.386
  1494	102.233
  1495	102.029
  1496	101.784
  1497	101.512
  1498	101.239
  1499	100.986
  1500	100.771
  1501	100.598
  1502	100.455
  1503	100.318
  1504	100.155
  1505	99.9365
  1506	99.6431
  1507	99.2727
  1508	98.8417
  1509	98.3821
  1510	97.9362
  1511	97.5484
  1512	97.2601
  1513	97.1053
  1514	97.1076
  1515	97.2791
  1516	97.6198
  1517	98.1155
  1518	98.7397
  1519	99.4554
  1520	100.221
  1521	101
  1522	101.764
  1523	102.503
  1524	103.218
  1525	103.917
  1526	104.605
  1527	105.269
  1528	105.882
  1529	106.4
  1530	106.777
  1531	106.974
  1532	106.976
  1533	106.796
  1534	106.472
  1535	106.066
  1536	105.644
  1537	105.267
  1538	104.974
  1539	104.771
  1540	104.636
  1541	104.529
  1542	104.403
  1543	104.23
  1544	104.005
  1545	103.757
  1546	103.538
  1547	103.406
  1548	103.409
  1549	103.558
  1550	103.828
  1551	104.162
  1552	104.484
  1553	104.728
  1554	104.853
  1555	104.852
  1556	104.752
  1557	104.6
  1558	104.45
  1559	104.34
  1560	104.284
  1561	104.265
  1562	104.249
  1563	104.191
  1564	104.058
  1565	103.834
  1566	103.528
  1567	103.17
  1568	102.801
  1569	102.461
  1570	102.179
  1571	101.963
  1572	101.797
  1573	101.651
  1574	101.485
  1575	101.263
  1576	100.967
  1577	100.598
  1578	100.17
  1579	99.7116
  1580	99.2476
  1581	98.7983
  1582	98.3766
  1583	97.9909
  1584	97.6485
  1585	97.3597
  1586	97.1358
  1587	96.9866
  1588	96.9167
  1589	96.9248
  1590	97.0048
  1591	97.1514
  1592	97.3659
  1593	97.6568
  1594	98.0367
  1595	98.5142
  1596	99.0835
  1597	99.7195
  1598	100.375
  1599	100.99
  1600	101.51
  1601	101.897
  1602	102.143
  1603	102.273
  1604	102.335
  1605	102.388
  1606	102.485
  1607	102.659
  1608	102.912
  1609	103.222
  1610	103.552
  1611	103.865
  1612	104.14
  1613	104.38
  1614	104.614
  1615	104.889
  1616	105.256
  1617	105.758
  1618	106.406
  1619	107.181
  1620	108.032
  1621	108.89
  1622	109.69
  1623	110.388
  1624	110.975
  1625	111.477
  1626	111.942
  1627	112.422
  1628	112.953
  1629	113.536
  1630	114.132
  1631	114.677
  1632	115.103
  1633	115.357
  1634	115.421
  1635	115.311
  1636	115.075
  1637	114.769
  1638	114.443
  1639	114.124
  1640	113.803
  1641	113.442
  1642	112.988
  1643	112.392
  1644	111.628
  1645	110.707
  1646	109.683
  1647	108.641
  1648	107.684
  1649	106.899
  1650	106.337
  1651	105.999
  1652	105.84
  1653	105.794
  1654	105.801
  1655	105.824
  1656	105.864
  1657	105.952
  1658	106.134
  1659	106.447
  1660	106.911
  1661	107.513
  1662	108.213
  1663	108.953
  1664	109.669
  1665	110.306
  1666	110.827
  1667	111.211
  1668	111.455
  1669	111.569
  1670	111.575
  1671	111.493
  1672	111.34
  1673	111.123
  1674	110.833
  1675	110.45
  1676	109.957
  1677	109.339
  1678	108.599
  1679	107.749
  1680	106.818
  1681	105.844
  1682	104.869
  1683	103.939
  1684	103.097
  1685	102.38
  1686	101.814
  1687	101.415
  1688	101.186
  1689	101.117
  1690	101.193
  1691	101.397
  1692	101.714
  1693	102.14
  1694	102.679
  1695	103.332
  1696	104.093
  1697	104.936
  1698	105.814
  1699	106.661
  1700	107.406
  1701	107.984
  1702	108.355
  1703	108.507
  1704	108.461
  1705	108.261
  1706	107.959
  1707	107.59
  1708	107.167
  1709	106.673
  1710	106.074
  1711	105.329
  1712	104.412
  1713	103.325
  1714	102.105
  1715	100.82
  1716	99.5598
  1717	98.4156
  1718	97.4537
  1719	96.6973
  1720	96.1242
  1721	95.6762
  1722	95.2829
  1723	94.8917
  1724	94.4903
  1725	94.1121
  1726	93.8279
  1727	93.7226
  1728	93.8636
  1729	94.2756
  1730	94.9276
  1731	95.7433
  1732	96.6264
  1733	97.4843
  1734	98.2516
  1735	98.9065
  1736	99.4653
  1737	99.9726
  1738	100.48
  1739	101.027
  1740	101.62
  1741	102.231
  1742	102.8
  1743	103.248
  1744	103.506
  1745	103.53
  1746	103.311
  1747	102.88
  1748	102.294
  1749	101.623
  1750	100.929
  1751	100.25
  1752	99.5956
  1753	98.9497
  1754	98.2845
  1755	97.5774
  1756	96.8234
  1757	96.0424
  1758	95.2745
  1759	94.5694
  1760	93.9795
  1761	93.5461
  1762	93.2917
  1763	93.2191
  1764	93.3159
  1765	93.5592
  1766	93.9252
  1767	94.3924
  1768	94.9419
  1769	95.5571
  1770	96.2217
  1771	96.9179
  1772	97.626
  1773	98.3283
  1774	99.01
  1775	99.655
  1776	100.246
  1777	100.763
  1778	101.182
  1779	101.476
  1780	101.618
  1781	101.586
  1782	101.365
  1783	100.952
  1784	100.354
  1785	99.5896
  1786	98.6791
  1787	97.6443
  1788	96.4977
  1789	95.2405
  1790	93.8689
  1791	92.3781
  1792	90.7693
  1793	89.0621
  1794	87.3005
  1795	85.55
  1796	83.8897
  1797	82.3985
  1798	81.1346
  1799	80.1215
  1800	79.3464
  1801	78.7701
  1802	78.3437
  1803	78.0338
  1804	77.8367
  1805	77.7781
  1806	77.9029
  1807	78.2522
  1808	78.8392
  1809	79.6333
  1810	80.5617
  1811	81.5239
  1812	82.4187
  1813	83.1615
  1814	83.7007
  1815	84.0273
  1816	84.1659
  1817	84.1637
  1818	84.0711
  1819	83.924
  1820	83.7311
  1821	83.4706
  1822	83.0966
  1823	82.5602
  1824	81.829
  1825	80.9045
  1826	79.8298
  1827	78.6834
  1828	77.5642
  1829	76.5649
  1830	75.7469
  1831	75.1274
  1832	74.6834
  1833	74.3644
  1834	74.1159
  1835	73.8993
  1836	73.7023
  1837	73.5394
  1838	73.4416
  1839	73.4424
  1840	73.5638
  1841	73.8063
  1842	74.1453
  1843	74.5401
  1844	74.9445
  1845	75.3167
  1846	75.6297
  1847	75.8749
  1848	76.0602
  1849	76.2035
  1850	76.3252
  1851	76.4418
  1852	76.5602
  1853	76.6778
  1854	76.7831
  1855	76.8591
  1856	76.888
  1857	76.8554
  1858	76.7539
  1859	76.5816
  1860	76.3422
  1861	76.0425
  1862	75.6931
  1863	75.3102
  1864	74.919
  1865	74.5523
  1866	74.2477
  1867	74.0388
  1868	73.9461
  1869	73.9713
  1870	74.0985
  1871	74.3016
  1872	74.557
  1873	74.8557
  1874	75.2085
  1875	75.643
  1876	76.1905
  1877	76.8718
  1878	77.6803
  1879	78.5762
  1880	79.4951
  1881	80.3582
  1882	81.0895
  1883	81.6309
  1884	81.9551
  1885	82.0684
  1886	82.0083
  1887	81.8313
  1888	81.5975
  1889	81.3532
  1890	81.1177
  1891	80.883
  1892	80.6217
  1893	80.3064
  1894	79.9268
  1895	79.5012
  1896	79.078
  1897	78.7268
  1898	78.5164
  1899	78.4935
  1900	78.6687
  1901	79.0101
  1902	79.4529
  1903	79.9184
  1904	80.3366
  1905	80.6638
  1906	80.8912
  1907	81.0425
  1908	81.161
  1909	81.2926
  1910	81.4699
  1911	81.7009
  1912	81.9697
  1913	82.2432
  1914	82.4845
  1915	82.6675
  1916	82.7839
  1917	82.8445
  1918	82.8736
  1919	82.8998
  1920	82.9457
  1921	83.0215
  1922	83.1219
  1923	83.2285
  1924	83.3141
  1925	83.3492
  1926	83.3076
  1927	83.17
  1928	82.9261
  1929	82.574
  1930	82.1184
  1931	81.5694
  1932	80.9413
  1933	80.2538
  1934	79.5323
  1935	78.8064
  1936	78.1076
  1937	77.4639
  1938	76.8952
  1939	76.4093
  1940	76.0042
  1941	75.6719
  1942	75.4072
  1943	75.2136
  1944	75.1072
  1945	75.1141
  1946	75.2611
  1947	75.5632
  1948	76.0148
  1949	76.5888
  1950	77.2422
  1951	77.9286
  1952	78.6107
  1953	79.2678
  1954	79.8968
  1955	80.508
  1956	81.1158
  1957	81.731
  1958	82.3512
  1959	82.9571
  1960	83.5154
  1961	83.9847
  1962	84.3268
  1963	84.519
  1964	84.5634
  1965	84.487
  1966	84.3351
  1967	84.158
  1968	83.994
  1969	83.8562
  1970	83.7316
  1971	83.5873
  1972	83.387
  1973	83.1087
  1974	82.7579
  1975	82.3692
  1976	81.9962
  1977	81.6932
  1978	81.4949
  1979	81.4033
  1980	81.3865
  1981	81.3914
  1982	81.3629
  1983	81.2654
  1984	81.096
  1985	80.8874
  1986	80.6991
  1987	80.599
  1988	80.6428
  1989	80.857
  1990	81.2312
  1991	81.7232
  1992	82.2736
  1993	82.8233
  1994	83.3288
  1995	83.7703
  1996	84.1532
  1997	84.5001
  1998	84.8375
  1999	85.182
  2000	85.5298
  2001	85.8553
