1 -137.727 114.306
2 -138.594 113.131
3 -139.419 111.959
4 -140.162 110.801
5 -140.789 109.686
6 -141.266 108.654
7 -141.566 107.746
8 -141.672 106.998
9 -141.582 106.428
10 -141.309 106.035
11 -140.88 105.801
12 -140.326 105.706
13 -139.678 105.737
14 -138.976 105.895
15 -138.268 106.191
16 -137.618 106.647
17 -137.097 107.274
18 -136.768 108.076
19 -136.663 109.033
20 -136.779 110.106
21 -137.081 111.244
22 -137.517 112.392
23 -138.031 113.507
24 -138.568 114.562
25 -139.076 115.545
26 -139.504 116.455
27 -139.8 117.294
28 -139.92 118.061
29 -139.826 118.75
30 -139.501 119.346
31 -138.939 119.835
32 -138.155 120.207
33 -137.167 120.467
34 -135.998 120.637
35 -134.675 120.752
36 -133.23 120.848
37 -131.706 120.956
38 -130.152 121.088
39 -128.611 121.242
40 -127.115 121.402
41 -125.678 121.55
42 -124.305 121.678
43 -122.998 121.796
44 -121.766 121.927
45 -120.631 122.109
46 -119.616 122.376
47 -118.732 122.749
48 -117.962 123.227
49 -117.264 123.783
50 -116.579 124.374
51 -115.858 124.957
52 -115.081 125.505
53 -114.263 126.016
54 -113.463 126.525
55 -112.765 127.09
56 -112.253 127.769
57 -111.989 128.597
58 -111.988 129.559
59 -112.219 130.589
60 -112.619 131.59
61 -113.113 132.462
62 -113.638 133.133
63 -114.151 133.571
64 -114.627 133.788
65 -115.052 133.826
66 -115.419 133.739
67 -115.719 133.574
68 -115.935 133.353
69 -116.047 133.069
70 -116.031 132.693
71 -115.863 132.193
72 -115.525 131.548
73 -115.006 130.767
74 -114.317 129.893
75 -113.492 128.997
76 -112.593 128.163
77 -111.696 127.469
78 -110.881 126.966
79 -110.202 126.67
80 -109.683 126.553
81 -109.312 126.561
82 -109.067 126.632
83 -108.927 126.715
84 -108.888 126.78
85 -108.963 126.818
86 -109.171 126.835
87 -109.52 126.844
88 -109.998 126.85
89 -110.573 126.847
90 -111.198 126.811
91 -111.835 126.716
92 -112.466 126.535
93 -113.101 126.264
94 -113.778 125.924
95 -114.54 125.565
96 -115.414 125.244
97 -116.389 125.006
98 -117.419 124.863
99 -118.439 124.791
100 -119.397 124.741
101 -120.268 124.661
102 -121.044 124.521
103 -121.725 124.32
104 -122.296 124.082
105 -122.727 123.838
106 -122.984 123.607
107 -123.042 123.388
108 -122.9 123.157
109 -122.573 122.883
110 -122.088 122.541
111 -121.465 122.126
112 -120.717 121.661
113 -119.859 121.192
114 -118.923 120.781
115 -117.968 120.496
116 -117.074 120.398
117 -116.318 120.529
118 -115.745 120.909
119 -115.351 121.522
120 -115.091 122.327
121 -114.904 123.263
122 -114.737 124.271
123 -114.568 125.305
124 -114.403 126.339
125 -114.269 127.373
126 -114.194 128.414
127 -114.186 129.466
128 -114.23 130.516
129 -114.286 131.526
130 -114.307 132.445
131 -114.261 133.221
132 -114.141 133.823
133 -113.969 134.249
134 -113.79 134.531
135 -113.659 134.715
136 -113.62 134.85
137 -113.7 134.957
138 -113.901 135.03
139 -114.207 135.037
140 -114.593 134.941
141 -115.029 134.714
142 -115.483 134.355
143 -115.922 133.885
144 -116.317 133.347
145 -116.644 132.79
146 -116.894 132.261
147 -117.067 131.793
148 -117.173 131.401
149 -117.226 131.076
150 -117.234 130.798
151 -117.199 130.544
152 -117.125 130.3
153 -117.024 130.074
154 -116.919 129.893
155 -116.848 129.801
156 -116.849 129.84
157 -116.943 130.038
158 -117.126 130.388
159 -117.364 130.852
160 -117.611 131.369
161 -117.825 131.873
162 -117.985 132.315
163 -118.099 132.672
164 -118.198 132.949
165 -118.323 133.167
166 -118.506 133.346
167 -118.758 133.488
168 -119.062 133.571
169 -119.391 133.558
170 -119.723 133.404
171 -120.05 133.077
172 -120.393 132.565
173 -120.788 131.879
174 -121.278 131.041
175 -121.891 130.078
176 -122.635 129.008
177 -123.489 127.839
178 -124.412 126.574
179 -125.356 125.219
180 -126.279 123.789
181 -127.146 122.312
182 -127.932 120.832
183 -128.62 119.401
184 -129.199 118.082
185 -129.663 116.945
186 -130.009 116.052
187 -130.243 115.446
188 -130.371 115.139
189 -130.402 115.104
190 -130.345 115.291
191 -130.212 115.641
192 -130.024 116.111
193 -129.817 116.682
194 -129.64 117.357
195 -129.547 118.156
196 -129.576 119.088
197 -129.744 120.139
198 -130.037 121.259
199 -130.423 122.378
200 -130.864 123.42
201 -131.329 124.324
202 -131.805 125.059
203 -132.292 125.623
204 -132.802 126.034
205 -133.351 126.317
206 -133.946 126.495
207 -134.583 126.578
208 -135.24 126.566
209 -135.884 126.455
210 -136.478 126.242
211 -136.991 125.936
212 -137.392 125.559
213 -137.664 125.149
214 -137.797 124.749
215 -137.791 124.409
216 -137.657 124.176
217 -137.405 124.087
218 -137.046 124.163
219 -136.583 124.403
220 -136.011 124.789
221 -135.318 125.288
222 -134.494 125.87
223 -133.534 126.512
224 -132.439 127.201
225 -131.221 127.935
226 -129.894 128.713
227 -128.469 129.524
228 -126.96 130.345
229 -125.383 131.143
230 -123.757 131.884
231 -122.111 132.548
232 -120.491 133.135
233 -118.954 133.667
234 -117.563 134.175
235 -116.372 134.691
236 -115.412 135.227
237 -114.684 135.765
238 -114.16 136.269
239 -113.795 136.689
240 -113.544 136.985
241 -113.376 137.137
242 -113.274 137.155
243 -113.245 137.077
244 -113.302 136.957
245 -113.467 136.846
246 -113.752 136.781
247 -114.152 136.771
248 -114.647 136.797
249 -115.204 136.825
250 -115.789 136.82
251 -116.38 136.757
252 -116.968 136.638
253 -117.56 136.488
254 -118.168 136.35
255 -118.796 136.268
256 -119.43 136.271
257 -120.032 136.358
258 -120.547 136.493
259 -120.915 136.621
260 -121.08 136.68
261 -121.004 136.626
262 -120.674 136.436
263 -120.106 136.124
264 -119.344 135.728
265 -118.452 135.301
266 -117.501 134.89
267 -116.553 134.529
268 -115.649 134.223
269 -114.806 133.96
270 -114.027 133.718
271 -113.321 133.482
272 -112.708 133.256
273 -112.224 133.06
274 -111.909 132.927
275 -111.797 132.893
276 -111.899 132.981
277 -112.194 133.193
278 -112.642 133.507
279 -113.194 133.887
280 -113.803 134.292
281 -114.43 134.691
282 -115.043 135.066
283 -115.615 135.417
284 -116.123 135.753
285 -116.55 136.084
286 -116.882 136.417
287 -117.114 136.743
288 -117.25 137.048
289 -117.299 137.31
290 -117.276 137.515
291 -117.202 137.66
292 -117.095 137.76
293 -116.975 137.845
294 -116.852 137.95
295 -116.731 138.098
296 -116.607 138.298
297 -116.465 138.53
298 -116.292 138.764
299 -116.078 138.962
300 -115.823 139.106
301 -115.535 139.206
302 -115.227 139.301
303 -114.92 139.449
304 -114.631 139.707
305 -114.373 140.112
306 -114.149 140.665
307 -113.952 141.336
308 -113.763 142.073
309 -113.563 142.824
310 -113.343 143.554
311 -113.116 144.255
312 -112.923 144.947
313 -112.824 145.662
314 -112.882 146.432
315 -113.136 147.275
316 -113.58 148.185
317 -114.157 149.127
318 -114.781 150.046
319 -115.358 150.878
320 -115.817 151.564
321 -116.121 152.065
322 -116.264 152.373
323 -116.267 152.515
324 -116.165 152.544
325 -115.984 152.522
326 -115.739 152.499
327 -115.426 152.492
328 -115.024 152.479
329 -114.502 152.415
330 -113.834 152.25
331 -113.003 151.957
332 -112.011 151.544
333 -110.881 151.053
334 -109.662 150.542
335 -108.422 150.066
336 -107.232 149.651
337 -106.145 149.283
338 -105.187 148.918
339 -104.353 148.497
340 -103.613 147.972
341 -102.934 147.319
342 -102.294 146.546
343 -101.689 145.689
344 -101.139 144.799
345 -100.678 143.931
346 -100.342 143.13
347 -100.158 142.424
348 -100.135 141.825
349 -100.259 141.332
350 -100.503 140.937
351 -100.829 140.639
352 -101.2 140.445
353 -101.578 140.368
354 -101.924 140.424
355 -102.205 140.624
356 -102.395 140.958
357 -102.474 141.4
358 -102.432 141.905
359 -102.268 142.419
360 -101.991 142.899
361 -101.616 143.315
362 -101.163 143.663
363 -100.657 143.955
364 -100.12 144.207
365 -99.573 144.428
366 -99.0288 144.606
367 -98.4962 144.715
368 -97.987 144.72
369 -97.5232 144.597
370 -97.1406 144.344
371 -96.888 143.99
372 -96.8179 143.588
373 -96.973 143.199
374 -97.372 142.872
375 -97.9987 142.628
376 -98.8057 142.454
377 -99.7263 142.311
378 -100.691 142.154
379 -101.645 141.948
380 -102.555 141.684
381 -103.413 141.386
382 -104.228 141.105
383 -105.019 140.907
384 -105.796 140.853
385 -106.561 140.983
386 -107.297 141.305
387 -107.973 141.794
388 -108.554 142.401
389 -109.008 143.07
390 -109.315 143.76
391 -109.47 144.457
392 -109.484 145.176
393 -109.379 145.96
394 -109.183 146.857
395 -108.925 147.894
396 -108.629 149.061
397 -108.306 150.308
398 -107.957 151.552
399 -107.573 152.714
400 -107.141 153.73
401 -106.655 154.58
402 -106.123 155.28
403 -105.572 155.878
404 -105.05 156.424
405 -104.615 156.956
406 -104.316 157.479
407 -104.183 157.971
408 -104.217 158.391
409 -104.394 158.701
410 -104.684 158.877
411 -105.06 158.918
412 -105.516 158.839
413 -106.063 158.665
414 -106.714 158.422
415 -107.474 158.134
416 -108.325 157.816
417 -109.225 157.475
418 -110.116 157.117
419 -110.936 156.74
420 -111.64 156.344
421 -112.205 155.935
422 -112.629 155.531
423 -112.929 155.164
424 -113.127 154.872
425 -113.244 154.688
426 -113.293 154.627
427 -113.282 154.68
428 -113.217 154.818
429 -113.107 155.005
430 -112.967 155.217
431 -112.812 155.454
432 -112.653 155.737
433 -112.499 156.102
434 -112.354 156.572
435 -112.22 157.144
436 -112.102 157.781
437 -112.008 158.417
438 -111.944 158.975
439 -111.916 159.393
440 -111.931 159.636
441 -111.992 159.706
442 -112.109 159.631
443 -112.289 159.451
444 -112.538 159.2
445 -112.846 158.897
446 -113.185 158.54
447 -113.515 158.114
448 -113.79 157.595
449 -113.975 156.969
450 -114.055 156.235
451 -114.038 155.415
452 -113.958 154.55
453 -113.86 153.691
454 -113.788 152.892
455 -113.772 152.195
456 -113.817 151.621
457 -113.902 151.17
458 -113.996 150.818
459 -114.066 150.534
460 -114.096 150.291
461 -114.089 150.076
462 -114.069 149.9
463 -114.068 149.79
464 -114.123 149.776
465 -114.254 149.872
466 -114.462 150.066
467 -114.729 150.32
468 -115.027 150.582
469 -115.326 150.803
470 -115.604 150.96
471 -115.847 151.056
472 -116.053 151.122
473 -116.229 151.2
474 -116.391 151.32
475 -116.56 151.482
476 -116.758 151.657
477 -117.002 151.79
478 -117.299 151.826
479 -117.646 151.729
480 -118.031 151.494
481 -118.444 151.147
482 -118.879 150.732
483 -119.341 150.289
484 -119.838 149.85
485 -120.375 149.426
486 -120.944 149.015
487 -121.518 148.603
488 -122.064 148.176
489 -122.544 147.721
490 -122.93 147.234
491 -123.209 146.72
492 -123.386 146.195
493 -123.475 145.684
494 -123.495 145.223
495 -123.463 144.849
496 -123.385 144.586
497 -123.261 144.445
498 -123.095 144.411
499 -122.895 144.458
500 -122.677 144.555
501 -122.464 144.685
502 -122.274 144.846
503 -122.121 145.051
504 -122.007 145.315
505 -121.924 145.637
506 -121.856 145.995
507 -121.788 146.349
508 -121.704 146.651
509 -121.598 146.861
510 -121.47 146.957
511 -121.33 146.939
512 -121.196 146.823
513 -121.091 146.629
514 -121.035 146.366
515 -121.041 146.026
516 -121.104 145.586
517 -121.21 145.013
518 -121.333 144.285
519 -121.454 143.398
520 -121.565 142.372
521 -121.674 141.252
522 -121.807 140.095
523 -121.993 138.959
524 -122.256 137.892
525 -122.598 136.921
526 -122.998 136.048
527 -123.418 135.252
528 -123.818 134.507
529 -124.165 133.793
530 -124.44 133.107
531 -124.642 132.468
532 -124.778 131.912
533 -124.866 131.482
534 -124.925 131.217
535 -124.973 131.136
536 -125.026 131.234
537 -125.086 131.481
538 -125.15 131.834
539 -125.209 132.249
540 -125.251 132.692
541 -125.272 133.144
542 -125.278 133.598
543 -125.283 134.051
544 -125.301 134.496
545 -125.335 134.908
546 -125.374 135.247
547 -125.394 135.46
548 -125.366 135.498
549 -125.272 135.325
550 -125.107 134.924
551 -124.888 134.306
552 -124.642 133.499
553 -124.404 132.541
554 -124.203 131.466
555 -124.062 130.293
556 -123.988 129.023
557 -123.988 127.648
558 -124.065 126.165
559 -124.231 124.584
560 -124.5 122.949
561 -124.879 121.331
562 -125.366 119.816
563 -125.936 118.495
564 -126.553 117.448
565 -127.18 116.717
566 -127.784 116.305
567 -128.344 116.177
568 -128.841 116.275
569 -129.252 116.535
570 -129.553 116.906
571 -129.723 117.361
572 -129.75 117.898
573 -129.638 118.53
574 -129.407 119.277
575 -129.087 120.147
576 -128.711 121.128
577 -128.307 122.19
578 -127.891 123.286
579 -127.471 124.366
580 -127.047 125.394
581 -126.625 126.353
582 -126.22 127.246
583 -125.856 128.089
584 -125.559 128.896
585 -125.346 129.672
586 -125.21 130.405
587 -125.124 131.071
588 -125.048 131.635
589 -124.941 132.062
590 -124.777 132.325
591 -124.551 132.409
592 -124.283 132.312
593 -124.006 132.046
594 -123.759 131.628
595 -123.576 131.075
596 -123.476 130.403
597 -123.471 129.621
598 -123.575 128.741
599 -123.803 127.785
600 -124.172 126.787
601 -124.689 125.792
602 -125.342 124.854
603 -126.093 124.018
604 -126.892 123.311
605 -127.686 122.741
606 -128.437 122.293
607 -129.125 121.944
608 -129.74 121.663
609 -130.274 121.428
610 -130.716 121.227
611 -131.049 121.062
612 -131.256 120.945
613 -131.326 120.89
614 -131.258 120.908
615 -131.065 121
616 -130.768 121.159
617 -130.397 121.37
618 -129.981 121.614
619 -129.552 121.88
620 -129.146 122.163
621 -128.806 122.465
622 -128.574 122.79
623 -128.484 123.132
624 -128.55 123.474
625 -128.76 123.779
626 -129.077 124.003
627 -129.458 124.105
628 -129.861 124.061
629 -130.259 123.869
630 -130.639 123.551
631 -131.001 123.141
632 -131.348 122.672
633 -131.681 122.163
634 -131.994 121.618
635 -132.275 121.024
636 -132.511 120.362
637 -132.695 119.619
638 -132.829 118.797
639 -132.925 117.926
640 -133.002 117.052
641 -133.079 116.232
642 -133.167 115.521
643 -133.267 114.957
644 -133.362 114.55
645 -133.425 114.281
646 -133.418 114.111
647 -133.305 113.99
648 -133.063 113.876
649 -132.681 113.749
650 -132.167 113.618
651 -131.537 113.521
652 -130.814 113.509
653 -130.021 113.629
654 -129.172 113.901
655 -128.273 114.305
656 -127.318 114.785
657 -126.3 115.273
658 -125.213 115.708
659 -124.067 116.064
660 -122.895 116.361
661 -121.756 116.654
662 -120.737 117.019
663 -119.931 117.517
664 -119.418 118.169
665 -119.228 118.945
666 -119.337 119.768
667 -119.668 120.539
668 -120.121 121.169
669 -120.597 121.596
670 -121.025 121.803
671 -121.37 121.806
672 -121.628 121.656
673 -121.823 121.415
674 -121.984 121.148
675 -122.138 120.905
676 -122.293 120.713
677 -122.437 120.568
678 -122.548 120.449
679 -122.594 120.325
680 -122.545 120.174
681 -122.382 119.992
682 -122.101 119.798
683 -121.72 119.633
684 -121.273 119.548
685 -120.802 119.588
686 -120.349 119.782
687 -119.943 120.134
688 -119.593 120.62
689 -119.287 121.199
690 -119.004 121.819
691 -118.719 122.435
692 -118.414 123.011
693 -118.084 123.529
694 -117.737 123.981
695 -117.388 124.366
696 -117.062 124.688
697 -116.784 124.954
698 -116.583 125.172
699 -116.484 125.355
700 -116.503 125.522
701 -116.643 125.689
702 -116.886 125.866
703 -117.199 126.045
704 -117.543 126.205
705 -117.879 126.311
706 -118.182 126.333
707 -118.442 126.252
708 -118.657 126.071
709 -118.824 125.811
710 -118.937 125.505
711 -118.982 125.186
712 -118.937 124.875
713 -118.778 124.577
714 -118.49 124.283
715 -118.066 123.972
716 -117.513 123.628
717 -116.857 123.246
718 -116.137 122.841
719 -115.414 122.451
720 -114.761 122.133
721 -114.258 121.952
722 -113.971 121.967
723 -113.929 122.205
724 -114.116 122.656
725 -114.469 123.268
726 -114.906 123.965
727 -115.354 124.671
728 -115.762 125.334
729 -116.112 125.938
730 -116.415 126.511
731 -116.701 127.109
732 -116.996 127.789
733 -117.316 128.586
734 -117.652 129.491
735 -117.981 130.455
736 -118.265 131.404
737 -118.473 132.27
738 -118.589 133.004
739 -118.616 133.59
740 -118.581 134.054
741 -118.531 134.442
742 -118.52 134.812
743 -118.592 135.205
744 -118.769 135.635
745 -119.034 136.088
746 -119.337 136.523
747 -119.61 136.888
748 -119.783 137.135
749 -119.805 137.239
750 -119.652 137.198
751 -119.327 137.04
752 -118.854 136.814
753 -118.272 136.577
754 -117.62 136.376
755 -116.928 136.242
756 -116.214 136.175
757 -115.483 136.158
758 -114.729 136.165
759 -113.946 136.177
760 -113.135 136.189
761 -112.312 136.217
762 -111.506 136.288
763 -110.758 136.428
764 -110.109 136.655
765 -109.586 136.97
766 -109.192 137.355
767 -108.909 137.785
768 -108.699 138.23
769 -108.521 138.66
770 -108.338 139.055
771 -108.128 139.401
772 -107.878 139.686
773 -107.589 139.902
774 -107.257 140.038
775 -106.882 140.084
776 -106.468 140.034
777 -106.028 139.889
778 -105.594 139.669
779 -105.211 139.406
780 -104.926 139.146
781 -104.77 138.935
782 -104.753 138.805
783 -104.864 138.768
784 -105.074 138.813
785 -105.353 138.911
786 -105.679 139.028
787 -106.039 139.14
788 -106.43 139.241
789 -106.854 139.345
790 -107.308 139.483
791 -107.789 139.693
792 -108.288 140.006
793 -108.789 140.435
794 -109.269 140.972
795 -109.699 141.584
796 -110.045 142.227
797 -110.28 142.858
798 -110.386 143.446
799 -110.376 143.987
800 -110.29 144.502
801 -110.192 145.03
802 -110.156 145.608
803 -110.235 146.25
804 -110.451 146.932
805 -110.787 147.595
806 -111.2 148.166
807 -111.643 148.582
808 -112.079 148.806
809 -112.492 148.838
810 -112.894 148.708
811 -113.315 148.466
812 -113.788 148.159
813 -114.333 147.824
814 -114.949 147.477
815 -115.608 147.119
816 -116.269 146.741
817 -116.886 146.331
818 -117.426 145.884
819 -117.877 145.403
820 -118.244 144.902
821 -118.545 144.407
822 -118.802 143.951
823 -119.029 143.567
824 -119.227 143.278
825 -119.384 143.091
826 -119.488 142.996
827 -119.531 142.969
828 -119.517 142.984
829 -119.458 143.025
830 -119.375 143.093
831 -119.29 143.206
832 -119.225 143.381
833 -119.197 143.623
834 -119.222 143.911
835 -119.315 144.201
836 -119.492 144.433
837 -119.767 144.557
838 -120.149 144.546
839 -120.645 144.402
840 -121.253 144.15
841 -121.963 143.819
842 -122.761 143.425
843 -123.625 142.962
844 -124.528 142.401
845 -125.445 141.704
846 -126.348 140.844
847 -127.217 139.822
848 -128.032 138.668
849 -128.785 137.433
850 -129.473 136.176
851 -130.096 134.95
852 -130.656 133.787
853 -131.152 132.7
854 -131.579 131.694
855 -131.928 130.771
856 -132.193 129.939
857 -132.374 129.22
858 -132.485 128.646
859 -132.548 128.248
860 -132.595 128.057
861 -132.657 128.091
862 -132.749 128.349
863 -132.871 128.811
864 -132.995 129.44
865 -133.08 130.186
866 -133.082 130.996
867 -132.966 131.824
868 -132.718 132.636
869 -132.345 133.414
870 -131.874 134.155
871 -131.339 134.863
872 -130.775 135.534
873 -130.201 136.144
874 -129.618 136.646
875 -129.015 136.976
876 -128.376 137.066
877 -127.697 136.867
878 -126.991 136.365
879 -126.284 135.588
880 -125.617 134.599
881 -125.029 133.481
882 -124.549 132.306
883 -124.189 131.128
884 -123.95 129.975
885 -123.815 128.849
886 -123.761 127.744
887 -123.762 126.663
888 -123.788 125.624
889 -123.812 124.664
890 -123.816 123.831
891 -123.795 123.176
892 -123.76 122.744
893 -123.735 122.563
894 -123.744 122.639
895 -123.8 122.954
896 -123.891 123.471
897 -123.988 124.148
898 -124.059 124.941
899 -124.079 125.814
900 -124.049 126.748
901 -123.986 127.738
902 -123.915 128.783
903 -123.855 129.883
904 -123.809 131.027
905 -123.764 132.183
906 -123.702 133.309
907 -123.609 134.362
908 -123.484 135.311
909 -123.34 136.147
910 -123.206 136.878
911 -123.112 137.516
912 -123.081 138.068
913 -123.125 138.524
914 -123.238 138.856
915 -123.406 139.032
916 -123.613 139.029
917 -123.851 138.845
918 -124.116 138.502
919 -124.411 138.039
920 -124.735 137.498
921 -125.078 136.906
922 -125.416 136.271
923 -125.711 135.583
924 -125.925 134.821
925 -126.022 133.972
926 -125.983 133.033
927 -125.815 132.024
928 -125.542 130.987
929 -125.205 129.981
930 -124.845 129.073
931 -124.494 128.326
932 -124.168 127.78
933 -123.87 127.448
934 -123.594 127.32
935 -123.331 127.363
936 -123.076 127.545
937 -122.829 127.843
938 -122.602 128.251
939 -122.411 128.78
940 -122.282 129.45
941 -122.236 130.267
942 -122.284 131.214
943 -122.418 132.241
944 -122.607 133.271
945 -122.81 134.221
946 -122.982 135.02
947 -123.096 135.626
948 -123.145 136.029
949 -123.149 136.25
950 -123.141 136.325
951 -123.158 136.293
952 -123.219 136.181
953 -123.32 135.998
954 -123.431 135.734
955 -123.517 135.371
956 -123.542 134.894
957 -123.492 134.3
958 -123.369 133.609
959 -123.193 132.858
960 -122.992 132.09
961 -122.789 131.344
962 -122.598 130.64
963 -122.416 129.973
964 -122.224 129.317
965 -122 128.64
966 -121.72 127.922
967 -121.366 127.163
968 -120.933 126.392
969 -120.427 125.657
970 -119.865 125.018
971 -119.266 124.531
972 -118.651 124.233
973 -118.026 124.136
974 -117.385 124.229
975 -116.71 124.482
976 -115.976 124.86
977 -115.163 125.336
978 -114.256 125.898
979 -113.257 126.554
980 -112.178 127.324
981 -111.04 128.224
982 -109.868 129.257
983 -108.682 130.399
984 -107.49 131.599
985 -106.292 132.793
986 -105.086 133.921
987 -103.869 134.943
988 -102.654 135.849
989 -101.465 136.655
990 -100.342 137.387
991 -99.3302 138.067
992 -98.4627 138.697
993 -97.751 139.256
994 -97.1792 139.705
995 -96.7109 140.003
996 -96.304 140.118
997 -95.9228 140.04
998 -95.5497 139.789
999 -95.1861 139.399
1000 -94.8433 138.915
1001 -94.5317 138.379
1002 -94.2516 137.818
1003 -93.9878 137.248
1004 -93.7155 136.669
1005 -93.4091 136.075
1006 -93.0542 135.461
1007 -92.6545 134.831
1008 -92.2324 134.202
1009 -91.8225 133.602
1010 -91.4618 133.065
1011 -91.1779 132.62
1012 -90.9803 132.282
1013 -90.8586 132.048
1014 -90.7875 131.897
1015 -90.7377 131.798
1016 -90.6879 131.728
1017 -90.6349 131.678
1018 -90.5949 131.661
1019 -90.5997 131.713
1020 -90.6858 131.875
1021 -90.8794 132.178
1022 -91.185 132.624
1023 -91.579 133.175
1024 -92.0174 133.759
1025 -92.4503 134.294
1026 -92.8386 134.711
1027 -93.1656 134.975
1028 -93.4394 135.094
1029 -93.6865 135.105
1030 -93.9377 135.053
1031 -94.2125 134.97
1032 -94.5086 134.856
1033 -94.7987 134.678
1034 -95.0367 134.383
1035 -95.1731 133.916
1036 -95.1671 133.245
1037 -94.9953 132.367
1038 -94.6562 131.313
1039 -94.1698 130.14
1040 -93.5728 128.913
1041 -92.9084 127.695
1042 -92.216 126.527
1043 -91.5207 125.429
1044 -90.8301 124.396
1045 -90.1415 123.407
1046 -89.4554 122.445
1047 -88.7895 121.502
1048 -88.19 120.595
1049 -87.7283 119.763
1050 -87.4873 119.059
1051 -87.5332 118.529
1052 -87.8887 118.199
1053 -88.5231 118.058
1054 -89.3644 118.065
1055 -90.3258 118.157
1056 -91.3304 118.278
1057 -92.3201 118.391
1058 -93.2559 118.493
1059 -94.1109 118.606
1060 -94.8636 118.766
1061 -95.4996 118.998
1062 -96.0159 119.301
1063 -96.4186 119.644
1064 -96.7205 119.97
1065 -96.9322 120.221
1066 -97.0577 120.355
1067 -97.0938 120.361
1068 -97.0342 120.259
1069 -96.8763 120.089
1070 -96.6256 119.896
1071 -96.2943 119.711
1072 -95.8971 119.543
1073 -95.4426 119.373
1074 -94.9302 119.168
1075 -94.3521 118.897
1076 -93.6998 118.542
1077 -92.9733 118.118
1078 -92.1853 117.661
1079 -91.3632 117.228
1080 -90.5436 116.879
1081 -89.7612 116.655
1082 -89.0362 116.575
1083 -88.3711 116.624
1084 -87.7528 116.766
1085 -87.1617 116.959
1086 -86.5844 117.169
1087 -86.0228 117.389
1088 -85.4951 117.631
1089 -85.0299 117.929
1090 -84.6532 118.312
1091 -84.3774 118.791
1092 -84.1927 119.349
1093 -84.0698 119.937
1094 -83.9696 120.488
1095 -83.8549 120.937
1096 -83.6999 121.239
1097 -83.4911 121.38
1098 -83.2227 121.379
1099 -82.8909 121.272
1100 -82.4895 121.103
1101 -82.0117 120.903
1102 -81.4527 120.68
1103 -80.8115 120.418
1104 -80.0917 120.083
1105 -79.2985 119.642
1106 -78.4406 119.075
1107 -77.5316 118.389
1108 -76.5964 117.619
1109 -75.6726 116.828
1110 -74.8064 116.088
1111 -74.0446 115.459
1112 -73.4232 114.981
1113 -72.9549 114.656
1114 -72.6276 114.457
1115 -72.4143 114.342
1116 -72.2865 114.272
1117 -72.2293 114.227
1118 -72.25 114.212
1119 -72.3744 114.251
1120 -72.6345 114.374
1121 -73.0497 114.593
1122 -73.6146 114.893
1123 -74.2951 115.227
1124 -75.0382 115.528
1125 -75.7892 115.73
1126 -76.5067 115.779
1127 -77.1724 115.656
1128 -77.7906 115.368
1129 -78.3791 114.947
1130 -78.9591 114.431
1131 -79.541 113.849
1132 -80.1175 113.211
1133 -80.6672 112.506
1134 -81.1635 111.706
1135 -81.5826 110.788
1136 -81.9093 109.744
1137 -82.1362 108.595
1138 -82.2567 107.391
1139 -82.2563 106.199
1140 -82.1142 105.091
1141 -81.8122 104.124
1142 -81.3488 103.327
1143 -80.7485 102.702
1144 -80.0582 102.231
1145 -79.3351 101.884
1146 -78.6353 101.638
1147 -78.0069 101.487
1148 -77.4938 101.439
1149 -77.1396 101.515
1150 -76.9856 101.731
1151 -77.0645 102.085
1152 -77.389 102.551
1153 -77.9466 103.08
1154 -78.7044 103.61
1155 -79.6175 104.09
1156 -80.6437 104.488
1157 -81.7501 104.801
1158 -82.9172 105.05
1159 -84.1311 105.271
1160 -85.374 105.493
1161 -86.6178 105.721
1162 -87.8233 105.936
1163 -88.9508 106.093
1164 -89.9708 106.14
1165 -90.8666 106.038
1166 -91.64 105.774
1167 -92.307 105.374
1168 -92.8932 104.895
1169 -93.4243 104.409
1170 -93.9128 103.985
1171 -94.3553 103.67
1172 -94.7328 103.477
1173 -95.0177 103.384
1174 -95.1838 103.347
1175 -95.2116 103.324
1176 -95.0934 103.291
1177 -94.8334 103.256
1178 -94.4438 103.261
1179 -93.9412 103.371
1180 -93.3435 103.65
1181 -92.6693 104.139
1182 -91.9374 104.84
1183 -91.1672 105.71
1184 -90.3751 106.676
1185 -89.571 107.66
1186 -88.7628 108.603
1187 -87.9654 109.478
1188 -87.2071 110.296
1189 -86.5334 111.091
1190 -86.0049 111.904
1191 -85.6784 112.756
1192 -85.5886 113.643
1193 -85.7325 114.528
1194 -86.0677 115.356
1195 -86.5224 116.066
1196 -87.0146 116.609
1197 -87.4701 116.956
1198 -87.8348 117.105
1199 -88.0793 117.072
1200 -88.1966 116.889
1201 -88.1954 116.589
1202 -88.0909 116.203
1203 -87.8992 115.751
1204 -87.635 115.246
1205 -87.3114 114.699
1206 -86.9404 114.133
1207 -86.5326 113.581
1208 -86.0955 113.089
1209 -85.6332 112.705
1210 -85.1496 112.468
1211 -84.6506 112.394
1212 -84.1465 112.48
1213 -83.6517 112.697
1214 -83.1817 113.012
1215 -82.7496 113.392
1216 -82.3662 113.82
1217 -82.0382 114.292
1218 -81.7687 114.816
1219 -81.5555 115.4
1220 -81.3856 116.04
1221 -81.2356 116.719
1222 -81.0755 117.398
1223 -80.8758 118.034
1224 -80.6193 118.59
1225 -80.3086 119.046
1226 -79.9681 119.41
1227 -79.6392 119.722
1228 -79.3687 120.039
1229 -79.192 120.423
1230 -79.1216 120.913
1231 -79.1409 121.51
1232 -79.2094 122.173
1233 -79.2764 122.828
1234 -79.2969 123.392
1235 -79.2446 123.803
1236 -79.1199 124.033
1237 -78.9493 124.1
1238 -78.7802 124.057
1239 -78.6663 123.965
1240 -78.646 123.87
1241 -78.7256 123.78
1242 -78.8732 123.663
1243 -79.0267 123.455
1244 -79.115 123.09
1245 -79.0824 122.525
1246 -78.9049 121.758
1247 -78.5965 120.834
1248 -78.2033 119.838
1249 -77.7885 118.87
1250 -77.4115 118.024
1251 -77.1078 117.363
1252 -76.8791 116.903
1253 -76.6959 116.623
1254 -76.5123 116.479
1255 -76.2817 116.423
1256 -75.9753 116.426
1257 -75.5943 116.491
1258 -75.1734 116.656
1259 -74.776 116.978
1260 -74.4802 117.516
1261 -74.3544 118.299
1262 -74.436 119.316
1263 -74.7212 120.506
1264 -75.1708 121.776
1265 -75.7299 123.029
1266 -76.3502 124.197
1267 -77.005 125.255
1268 -77.6879 126.222
1269 -78.4044 127.143
1270 -79.1642 128.067
1271 -79.9706 129.022
1272 -80.8182 130.001
1273 -81.6942 130.964
1274 -82.582 131.857
1275 -83.4673 132.635
1276 -84.3375 133.283
1277 -85.1825 133.814
1278 -85.9963 134.268
1279 -86.7781 134.692
1280 -87.5335 135.124
1281 -88.2719 135.583
1282 -89.0003 136.065
1283 -89.7194 136.549
1284 -90.4189 137.008
1285 -91.0785 137.414
1286 -91.6744 137.751
1287 -92.1869 138.014
1288 -92.607 138.208
1289 -92.9361 138.348
1290 -93.1797 138.454
1291 -93.3407 138.543
1292 -93.4147 138.625
1293 -93.3936 138.699
1294 -93.2726 138.757
1295 -93.0594 138.79
1296 -92.7796 138.797
1297 -92.4756 138.792
1298 -92.1975 138.806
1299 -91.9903 138.876
1300 -91.8823 139.03
1301 -91.8757 139.274
1302 -91.9495 139.582
1303 -92.069 139.906
1304 -92.2021 140.187
1305 -92.3314 140.385
1306 -92.4584 140.488
1307 -92.5974 140.516
1308 -92.765 140.514
1309 -92.968 140.523
1310 -93.1963 140.566
1311 -93.424 140.629
1312 -93.6146 140.671
1313 -93.7322 140.633
1314 -93.7505 140.468
1315 -93.6603 140.15
1316 -93.4741 139.69
1317 -93.2272 139.135
1318 -92.9734 138.555
1319 -92.7738 138.023
1320 -92.682 137.605
1321 -92.7265 137.337
1322 -92.9013 137.226
1323 -93.1676 137.247
1324 -93.4672 137.357
1325 -93.7425 137.507
1326 -93.9548 137.66
1327 -94.0947 137.796
1328 -94.1828 137.926
1329 -94.2599 138.078
1330 -94.3696 138.286
1331 -94.5414 138.568
1332 -94.7816 138.92
1333 -95.0739 139.306
1334 -95.3908 139.676
1335 -95.7078 139.98
1336 -96.0155 140.19
1337 -96.3254 140.305
1338 -96.6685 140.352
1339 -97.0865 140.372
1340 -97.62 140.404
1341 -98.2964 140.469
1342 -99.1203 140.567
1343 -100.075 140.677
1344 -101.126 140.775
1345 -102.23 140.84
1346 -103.342 140.865
1347 -104.424 140.856
1348 -105.443 140.822
1349 -106.368 140.77
1350 -107.178 140.697
1351 -107.855 140.59
1352 -108.391 140.426
1353 -108.784 140.187
1354 -109.042 139.86
1355 -109.183 139.451
1356 -109.231 138.981
1357 -109.21 138.486
1358 -109.146 138.003
1359 -109.056 137.567
1360 -108.952 137.2
1361 -108.838 136.904
1362 -108.718 136.669
1363 -108.6 136.478
1364 -108.502 136.314
1365 -108.45 136.171
1366 -108.478 136.056
1367 -108.611 135.99
1368 -108.862 135.997
1369 -109.221 136.089
1370 -109.657 136.258
1371 -110.131 136.474
1372 -110.605 136.688
1373 -111.059 136.854
1374 -111.494 136.936
1375 -111.933 136.928
1376 -112.421 136.851
1377 -113.015 136.749
1378 -113.773 136.673
1379 -114.733 136.662
1380 -115.902 136.727
1381 -117.254 136.843
1382 -118.731 136.959
1383 -120.263 137.012
1384 -121.779 136.949
1385 -123.23 136.749
1386 -124.584 136.423
1387 -125.829 136.017
1388 -126.96 135.591
1389 -127.972 135.205
1390 -128.854 134.89
1391 -129.587 134.644
1392 -130.158 134.432
1393 -130.559 134.202
1394 -130.794 133.909
1395 -130.874 133.536
1396 -130.819 133.099
1397 -130.66 132.645
1398 -130.435 132.239
1399 -130.193 131.939
1400 -129.983 131.786
1401 -129.847 131.784
1402 -129.813 131.914
1403 -129.885 132.137
1404 -130.045 132.413
1405 -130.261 132.709
1406 -130.495 133.008
1407 -130.719 133.304
1408 -130.92 133.604
1409 -131.094 133.92
1410 -131.248 134.262
1411 -131.381 134.631
1412 -131.489 135.015
1413 -131.559 135.39
1414 -131.573 135.726
1415 -131.517 135.992
1416 -131.384 136.169
1417 -131.173 136.261
1418 -130.896 136.288
1419 -130.571 136.287
1420 -130.222 136.29
1421 -129.879 136.319
1422 -129.57 136.373
1423 -129.32 136.43
1424 -129.144 136.463
1425 -129.04 136.446
1426 -128.993 136.369
1427 -128.971 136.238
1428 -128.94 136.067
1429 -128.868 135.868
1430 -128.739 135.645
1431 -128.548 135.382
1432 -128.302 135.053
1433 -128.01 134.633
1434 -127.681 134.104
1435 -127.32 133.469
1436 -126.933 132.755
1437 -126.534 132.007
1438 -126.146 131.279
1439 -125.799 130.624
1440 -125.528 130.082
1441 -125.364 129.679
1442 -125.33 129.43
1443 -125.441 129.342
1444 -125.71 129.42
1445 -126.14 129.671
1446 -126.73 130.097
1447 -127.461 130.695
1448 -128.301 131.444
1449 -129.2 132.308
1450 -130.098 133.226
1451 -130.939 134.13
1452 -131.679 134.95
1453 -132.302 135.629
1454 -132.816 136.136
1455 -133.249 136.464
1456 -133.636 136.629
1457 -134.011 136.662
1458 -134.394 136.588
1459 -134.789 136.418
1460 -135.182 136.14
1461 -135.555 135.721
1462 -135.889 135.12
1463 -136.181 134.307
1464 -136.438 133.274
1465 -136.68 132.045
1466 -136.929 130.678
1467 -137.203 129.247
1468 -137.507 127.836
1469 -137.832 126.512
1470 -138.16 125.316
1471 -138.47 124.254
1472 -138.744 123.306
1473 -138.97 122.443
1474 -139.139 121.644
1475 -139.249 120.913
1476 -139.303 120.282
1477 -139.314 119.812
1478 -139.3 119.572
1479 -139.29 119.621
1480 -139.311 119.981
1481 -139.386 120.626
1482 -139.519 121.487
1483 -139.696 122.47
1484 -139.89 123.487
1485 -140.073 124.471
1486 -140.224 125.394
1487 -140.338 126.262
1488 -140.416 127.1
1489 -140.469 127.937
1490 -140.504 128.786
1491 -140.528 129.631
1492 -140.541 130.433
1493 -140.539 131.143
1494 -140.518 131.715
1495 -140.47 132.124
1496 -140.386 132.369
1497 -140.26 132.471
1498 -140.09 132.465
1499 -139.886 132.388
1500 -139.665 132.276
1501 -139.453 132.156
1502 -139.274 132.052
1503 -139.142 131.985
1504 -139.052 131.978
1505 -138.987 132.054
1506 -138.915 132.231
1507 -138.808 132.523
1508 -138.641 132.937
1509 -138.403 133.474
1510 -138.09 134.126
1511 -137.709 134.882
1512 -137.266 135.724
1513 -136.766 136.625
1514 -136.214 137.557
1515 -135.614 138.491
1516 -134.969 139.406
1517 -134.287 140.285
1518 -133.579 141.114
1519 -132.862 141.883
1520 -132.159 142.58
1521 -131.497 143.191
1522 -130.908 143.706
1523 -130.424 144.121
1524 -130.073 144.444
1525 -129.875 144.693
1526 -129.833 144.893
1527 -129.935 145.064
1528 -130.15 145.211
1529 -130.433 145.315
1530 -130.737 145.338
1531 -131.016 145.234
1532 -131.237 144.963
1533 -131.383 144.509
1534 -131.455 143.88
1535 -131.465 143.116
1536 -131.433 142.271
1537 -131.375 141.403
1538 -131.297 140.55
1539 -131.19 139.725
1540 -131.033 138.921
1541 -130.806 138.121
1542 -130.505 137.317
1543 -130.149 136.515
1544 -129.779 135.739
1545 -129.453 135.03
1546 -129.229 134.434
1547 -129.148 133.985
1548 -129.223 133.69
1549 -129.437 133.527
1550 -129.752 133.445
1551 -130.122 133.379
1552 -130.512 133.267
1553 -130.902 133.065
1554 -131.298 132.758
1555 -131.727 132.369
1556 -132.224 131.948
1557 -132.819 131.56
1558 -133.518 131.255
1559 -134.297 131.051
1560 -135.103 130.926
1561 -135.867 130.82
1562 -136.53 130.662
1563 -137.05 130.401
1564 -137.408 130.022
1565 -137.612 129.56
1566 -137.69 129.093
1567 -137.678 128.714
1568 -137.616 128.505
1569 -137.539 128.498
1570 -137.467 128.676
1571 -137.4 128.972
1572 -137.315 129.299
1573 -137.177 129.58
1574 -136.948 129.765
1575 -136.605 129.846
1576 -136.153 129.851
1577 -135.629 129.833
1578 -135.088 129.853
1579 -134.593 129.961
1580 -134.184 130.177
1581 -133.87 130.49
1582 -133.628 130.856
1583 -133.408 131.217
1584 -133.162 131.516
1585 -132.852 131.715
1586 -132.47 131.802
1587 -132.031 131.798
1588 -131.574 131.748
1589 -131.155 131.716
1590 -130.826 131.761
1591 -130.628 131.931
1592 -130.582 132.242
1593 -130.682 132.689
1594 -130.902 133.243
1595 -131.199 133.874
1596 -131.523 134.559
1597 -131.834 135.288
1598 -132.112 136.065
1599 -132.361 136.902
1600 -132.611 137.808
1601 -132.901 138.788
1602 -133.271 139.831
1603 -133.736 140.915
1604 -134.282 142.009
1605 -134.863 143.076
1606 -135.416 144.074
1607 -135.873 144.959
1608 -136.185 145.688
1609 -136.325 146.219
1610 -136.294 146.525
1611 -136.118 146.587
1612 -135.84 146.413
1613 -135.507 146.031
1614 -135.17 145.487
1615 -134.863 144.83
1616 -134.607 144.103
1617 -134.402 143.326
1618 -134.225 142.494
1619 -134.039 141.589
1620 -133.8 140.591
1621 -133.472 139.492
1622 -133.039 138.314
1623 -132.518 137.107
1624 -131.961 135.947
1625 -131.447 134.932
1626 -131.058 134.159
1627 -130.855 133.699
1628 -130.848 133.572
1629 -130.992 133.734
1630 -131.211 134.096
1631 -131.426 134.547
1632 -131.587 134.989
1633 -131.694 135.366
1634 -131.784 135.674
1635 -131.922 135.956
1636 -132.168 136.283
1637 -132.565 136.714
1638 -133.119 137.272
1639 -133.806 137.927
1640 -134.587 138.605
1641 -135.421 139.213
1642 -136.273 139.669
1643 -137.12 139.925
1644 -137.952 139.974
1645 -138.77 139.851
1646 -139.581 139.614
1647 -140.395 139.327
1648 -141.22 139.044
1649 -142.052 138.796
1650 -142.88 138.588
1651 -143.678 138.403
1652 -144.413 138.212
1653 -145.052 137.99
1654 -145.565 137.727
1655 -145.935 137.43
1656 -146.161 137.133
1657 -146.255 136.888
1658 -146.236 136.753
1659 -146.127 136.778
1660 -145.947 136.994
1661 -145.706 137.401
1662 -145.41 137.97
1663 -145.061 138.655
1664 -144.664 139.403
1665 -144.237 140.169
1666 -143.806 140.923
1667 -143.406 141.651
1668 -143.072 142.347
1669 -142.832 143.007
1670 -142.707 143.62
1671 -142.707 144.167
1672 -142.833 144.623
1673 -143.074 144.97
1674 -143.409 145.195
1675 -143.806 145.303
1676 -144.228 145.306
1677 -144.632 145.222
1678 -144.99 145.067
1679 -145.286 144.852
1680 -145.524 144.582
1681 -145.721 144.26
1682 -145.902 143.899
1683 -146.079 143.521
1684 -146.252 143.16
1685 -146.397 142.853
1686 -146.483 142.627
1687 -146.479 142.495
1688 -146.368 142.447
1689 -146.151 142.462
1690 -145.845 142.518
1691 -145.476 142.599
1692 -145.078 142.706
1693 -144.69 142.852
1694 -144.353 143.053
1695 -144.113 143.323
1696 -144.011 143.655
1697 -144.078 144.027
1698 -144.322 144.403
1699 -144.725 144.742
1700 -145.255 145.015
1701 -145.879 145.202
1702 -146.578 145.301
1703 -147.351 145.317
1704 -148.208 145.267
1705 -149.161 145.167
1706 -150.201 145.036
1707 -151.301 144.876
1708 -152.409 144.676
1709 -153.472 144.404
1710 -154.442 144.017
1711 -155.292 143.474
1712 -156.009 142.747
1713 -156.589 141.833
1714 -157.028 140.764
1715 -157.315 139.595
1716 -157.438 138.399
1717 -157.383 137.246
1718 -157.151 136.181
1719 -156.755 135.216
1720 -156.218 134.336
1721 -155.565 133.514
1722 -154.813 132.724
1723 -153.973 131.957
1724 -153.065 131.227
1725 -152.116 130.571
1726 -151.174 130.033
1727 -150.29 129.658
1728 -149.516 129.473
1729 -148.886 129.472
1730 -148.403 129.617
1731 -148.046 129.842
1732 -147.777 130.074
1733 -147.558 130.246
1734 -147.362 130.309
1735 -147.181 130.248
1736 -147.021 130.07
1737 -146.905 129.805
1738 -146.857 129.487
1739 -146.903 129.144
1740 -147.059 128.788
1741 -147.333 128.417
1742 -147.718 128.023
1743 -148.195 127.598
1744 -148.737 127.144
1745 -149.312 126.676
1746 -149.893 126.22
1747 -150.461 125.815
1748 -151.008 125.499
1749 -151.535 125.309
1750 -152.048 125.271
1751 -152.548 125.397
1752 -153.026 125.686
1753 -153.454 126.12
1754 -153.794 126.673
1755 -154.001 127.311
1756 -154.038 127.997
1757 -153.885 128.694
1758 -153.543 129.367
1759 -153.033 129.991
1760 -152.394 130.551
1761 -151.671 131.038
1762 -150.907 131.457
1763 -150.142 131.818
1764 -149.407 132.132
1765 -148.724 132.405
1766 -148.101 132.63
1767 -147.538 132.788
1768 -147.024 132.85
1769 -146.549 132.782
1770 -146.107 132.561
1771 -145.7 132.18
1772 -145.344 131.655
1773 -145.065 131.029
1774 -144.884 130.362
1775 -144.81 129.72
1776 -144.833 129.161
1777 -144.917 128.711
1778 -145.015 128.364
1779 -145.081 128.086
1780 -145.078 127.832
1781 -144.991 127.569
1782 -144.826 127.298
1783 -144.611 127.054
1784 -144.383 126.903
1785 -144.186 126.919
1786 -144.056 127.157
1787 -144.014 127.629
1788 -144.056 128.293
1789 -144.15 129.066
1790 -144.25 129.85
1791 -144.307 130.56
1792 -144.287 131.145
1793 -144.18 131.595
1794 -144.006 131.933
1795 -143.803 132.201
1796 -143.616 132.441
1797 -143.476 132.675
1798 -143.39 132.899
1799 -143.339 133.082
1800 -143.286 133.178
1801 -143.191 133.138
1802 -143.027 132.931
1803 -142.782 132.549
1804 -142.473 132.013
1805 -142.13 131.371
1806 -141.793 130.684
1807 -141.498 130.01
1808 -141.264 129.393
1809 -141.097 128.851
1810 -140.984 128.374
1811 -140.902 127.937
1812 -140.824 127.513
1813 -140.723 127.092
1814 -140.574 126.688
1815 -140.359 126.34
1816 -140.073 126.1
1817 -139.724 126.019
1818 -139.341 126.132
1819 -138.959 126.442
1820 -138.619 126.924
1821 -138.348 127.529
1822 -138.154 128.208
1823 -138.029 128.914
1824 -137.954 129.614
1825 -137.91 130.292
1826 -137.89 130.939
1827 -137.902 131.548
1828 -137.97 132.104
1829 -138.126 132.587
1830 -138.397 132.979
1831 -138.797 133.274
1832 -139.316 133.48
1833 -139.929 133.62
1834 -140.596 133.721
1835 -141.276 133.803
1836 -141.929 133.875
1837 -142.524 133.93
1838 -143.041 133.955
1839 -143.474 133.941
1840 -143.828 133.889
1841 -144.12 133.816
1842 -144.373 133.751
1843 -144.616 133.733
1844 -144.876 133.797
1845 -145.169 133.971
1846 -145.496 134.265
1847 -145.846 134.675
1848 -146.207 135.18
1849 -146.57 135.749
1850 -146.941 136.352
1851 -147.339 136.967
1852 -147.786 137.58
1853 -148.294 138.197
1854 -148.849 138.835
1855 -149.414 139.514
1856 -149.937 140.242
1857 -150.37 141.005
1858 -150.684 141.765
1859 -150.873 142.466
1860 -150.947 143.057
1861 -150.921 143.504
1862 -150.812 143.8
1863 -150.64 143.965
1864 -150.43 144.035
1865 -150.214 144.051
1866 -150.03 144.04
1867 -149.908 144.009
1868 -149.864 143.944
1869 -149.893 143.823
1870 -149.978 143.622
1871 -150.098 143.332
1872 -150.239 142.96
1873 -150.406 142.525
1874 -150.616 142.054
1875 -150.89 141.58
1876 -151.244 141.131
1877 -151.676 140.724
1878 -152.167 140.36
1879 -152.687 140.023
1880 -153.201 139.684
1881 -153.678 139.312
1882 -154.096 138.883
1883 -154.439 138.393
1884 -154.698 137.855
1885 -154.868 137.3
1886 -154.954 136.767
1887 -154.963 136.283
1888 -154.911 135.862
1889 -154.816 135.496
1890 -154.699 135.162
1891 -154.571 134.832
1892 -154.439 134.486
1893 -154.304 134.123
1894 -154.163 133.757
1895 -154.016 133.415
1896 -153.868 133.123
1897 -153.724 132.9
1898 -153.592 132.746
1899 -153.475 132.652
1900 -153.372 132.599
1901 -153.271 132.569
1902 -153.159 132.553
1903 -153.016 132.549
1904 -152.829 132.562
1905 -152.59 132.594
1906 -152.298 132.648
1907 -151.953 132.719
1908 -151.561 132.799
1909 -151.122 132.879
1910 -150.641 132.951
1911 -150.117 133.008
1912 -149.554 133.049
1913 -148.957 133.072
1914 -148.334 133.08
1915 -147.691 133.071
1916 -147.034 133.045
1917 -146.36 132.995
1918 -145.665 132.91
1919 -144.941 132.777
1920 -144.183 132.586
1921 -143.392 132.33
1922 -142.577 132.016
1923 -141.754 131.664
1924 -140.936 131.302
1925 -140.142 130.964
1926 -139.386 130.68
1927 -138.681 130.465
1928 -138.037 130.315
1929 -137.466 130.218
1930 -136.981 130.159
1931 -136.604 130.14
1932 -136.364 130.184
1933 -136.296 130.334
1934 -136.431 130.636
1935 -136.784 131.122
1936 -137.341 131.788
1937 -138.057 132.588
1938 -138.863 133.452
1939 -139.684 134.301
1940 -140.452 135.068
1941 -141.124 135.721
1942 -141.68 136.255
1943 -142.124 136.696
1944 -142.471 137.084
1945 -142.735 137.454
1946 -142.926 137.832
1947 -143.046 138.224
1948 -143.094 138.623
1949 -143.07 139.016
1950 -142.98 139.391
1951 -142.837 139.749
1952 -142.66 140.104
1953 -142.473 140.483
1954 -142.3 140.915
1955 -142.162 141.427
1956 -142.071 142.022
1957 -142.027 142.684
1958 -142.014 143.375
1959 -142.008 144.047
1960 -141.975 144.651
1961 -141.889 145.152
1962 -141.737 145.529
1963 -141.528 145.773
1964 -141.289 145.884
1965 -141.058 145.861
1966 -140.865 145.704
1967 -140.721 145.408
1968 -140.62 144.965
1969 -140.543 144.369
1970 -140.477 143.619
1971 -140.42 142.727
1972 -140.389 141.713
1973 -140.413 140.608
1974 -140.521 139.451
1975 -140.729 138.28
1976 -141.033 137.128
1977 -141.41 136.016
1978 -141.822 134.954
1979 -142.237 133.942
1980 -142.629 132.984
1981 -142.984 132.085
1982 -143.3 131.258
1983 -143.585 130.525
1984 -143.846 129.909
1985 -144.089 129.427
1986 -144.314 129.087
1987 -144.508 128.886
1988 -144.657 128.815
1989 -144.752 128.865
1990 -144.795 129.03
1991 -144.805 129.312
1992 -144.812 129.723
1993 -144.855 130.273
1994 -144.964 130.969
1995 -145.153 131.803
1996 -145.417 132.749
1997 -145.728 133.761
1998 -146.056 134.784
1999 -146.372 135.764
2000 -146.657 136.66
2001 -146.901 137.455
