     1	-137.727
     2	-138.594
     3	-139.419
     4	-140.162
     5	-140.789
     6	-141.266
     7	-141.566
     8	-141.672
     9	-141.582
    10	-141.309
    11	-140.88
    12	-140.326
    13	-139.678
    14	-138.976
    15	-138.268
    16	-137.618
    17	-137.097
    18	-136.768
    19	-136.663
    20	-136.779
    21	-137.081
    22	-137.517
    23	-138.031
    24	-138.568
    25	-139.076
    26	-139.504
    27	-139.8
    28	-139.92
    29	-139.826
    30	-139.501
    31	-138.939
    32	-138.155
    33	-137.167
    34	-135.998
    35	-134.675
    36	-133.23
    37	-131.706
    38	-130.152
    39	-128.611
    40	-127.115
    41	-125.678
    42	-124.305
    43	-122.998
    44	-121.766
    45	-120.631
    46	-119.616
    47	-118.732
    48	-117.962
    49	-117.264
    50	-116.579
    51	-115.858
    52	-115.081
    53	-114.263
    54	-113.463
    55	-112.765
    56	-112.253
    57	-111.989
    58	-111.988
    59	-112.219
    60	-112.619
    61	-113.113
    62	-113.638
    63	-114.151
    64	-114.627
    65	-115.052
    66	-115.419
    67	-115.719
    68	-115.935
    69	-116.047
    70	-116.031
    71	-115.863
    72	-115.525
    73	-115.006
    74	-114.317
    75	-113.492
    76	-112.593
    77	-111.696
    78	-110.881
    79	-110.202
    80	-109.683
    81	-109.312
    82	-109.067
    83	-108.927
    84	-108.888
    85	-108.963
    86	-109.171
    87	-109.52
    88	-109.998
    89	-110.573
    90	-111.198
    91	-111.835
    92	-112.466
    93	-113.101
    94	-113.778
    95	-114.54
    96	-115.414
    97	-116.389
    98	-117.419
    99	-118.439
   100	-119.397
   101	-120.268
   102	-121.044
   103	-121.725
   104	-122.296
   105	-122.727
   106	-122.984
   107	-123.042
   108	-122.9
   109	-122.573
   110	-122.088
   111	-121.465
   112	-120.717
   113	-119.859
   114	-118.923
   115	-117.968
   116	-117.074
   117	-116.318
   118	-115.745
   119	-115.351
   120	-115.091
   121	-114.904
   122	-114.737
   123	-114.568
   124	-114.403
   125	-114.269
   126	-114.194
   127	-114.186
   128	-114.23
   129	-114.286
   130	-114.307
   131	-114.261
   132	-114.141
   133	-113.969
   134	-113.79
   135	-113.659
   136	-113.62
   137	-113.7
   138	-113.901
   139	-114.207
   140	-114.593
   141	-115.029
   142	-115.483
   143	-115.922
   144	-116.317
   145	-116.644
   146	-116.894
   147	-117.067
   148	-117.173
   149	-117.226
   150	-117.234
   151	-117.199
   152	-117.125
   153	-117.024
   154	-116.919
   155	-116.848
   156	-116.849
   157	-116.943
   158	-117.126
   159	-117.364
   160	-117.611
   161	-117.825
   162	-117.985
   163	-118.099
   164	-118.198
   165	-118.323
   166	-118.506
   167	-118.758
   168	-119.062
   169	-119.391
   170	-119.723
   171	-120.05
   172	-120.393
   173	-120.788
   174	-121.278
   175	-121.891
   176	-122.635
   177	-123.489
   178	-124.412
   179	-125.356
   180	-126.279
   181	-127.146
   182	-127.932
   183	-128.62
   184	-129.199
   185	-129.663
   186	-130.009
   187	-130.243
   188	-130.371
   189	-130.402
   190	-130.345
   191	-130.212
   192	-130.024
   193	-129.817
   194	-129.64
   195	-129.547
   196	-129.576
   197	-129.744
   198	-130.037
   199	-130.423
   200	-130.864
   201	-131.329
   202	-131.805
   203	-132.292
   204	-132.802
   205	-133.351
   206	-133.946
   207	-134.583
   208	-135.24
   209	-135.884
   210	-136.478
   211	-136.991
   212	-137.392
   213	-137.664
   214	-137.797
   215	-137.791
   216	-137.657
   217	-137.405
   218	-137.046
   219	-136.583
   220	-136.011
   221	-135.318
   222	-134.494
   223	-133.534
   224	-132.439
   225	-131.221
   226	-129.894
   227	-128.469
   228	-126.96
   229	-125.383
   230	-123.757
   231	-122.111
   232	-120.491
   233	-118.954
   234	-117.563
   235	-116.372
   236	-115.412
   237	-114.684
   238	-114.16
   239	-113.795
   240	-113.544
   241	-113.376
   242	-113.274
   243	-113.245
   244	-113.302
   245	-113.467
   246	-113.752
   247	-114.152
   248	-114.647
   249	-115.204
   250	-115.789
   251	-116.38
   252	-116.968
   253	-117.56
   254	-118.168
   255	-118.796
   256	-119.43
   257	-120.032
   258	-120.547
   259	-120.915
   260	-121.08
   261	-121.004
   262	-120.674
   263	-120.106
   264	-119.344
   265	-118.452
   266	-117.501
   267	-116.553
   268	-115.649
   269	-114.806
   270	-114.027
   271	-113.321
   272	-112.708
   273	-112.224
   274	-111.909
   275	-111.797
   276	-111.899
   277	-112.194
   278	-112.642
   279	-113.194
   280	-113.803
   281	-114.43
   282	-115.043
   283	-115.615
   284	-116.123
   285	-116.55
   286	-116.882
   287	-117.114
   288	-117.25
   289	-117.299
   290	-117.276
   291	-117.202
   292	-117.095
   293	-116.975
   294	-116.852
   295	-116.731
   296	-116.607
   297	-116.465
   298	-116.292
   299	-116.078
   300	-115.823
   301	-115.535
   302	-115.227
   303	-114.92
   304	-114.631
   305	-114.373
   306	-114.149
   307	-113.952
   308	-113.763
   309	-113.563
   310	-113.343
   311	-113.116
   312	-112.923
   313	-112.824
   314	-112.882
   315	-113.136
   316	-113.58
   317	-114.157
   318	-114.781
   319	-115.358
   320	-115.817
   321	-116.121
   322	-116.264
   323	-116.267
   324	-116.165
   325	-115.984
   326	-115.739
   327	-115.426
   328	-115.024
   329	-114.502
   330	-113.834
   331	-113.003
   332	-112.011
   333	-110.881
   334	-109.662
   335	-108.422
   336	-107.232
   337	-106.145
   338	-105.187
   339	-104.353
   340	-103.613
   341	-102.934
   342	-102.294
   343	-101.689
   344	-101.139
   345	-100.678
   346	-100.342
   347	-100.158
   348	-100.135
   349	-100.259
   350	-100.503
   351	-100.829
   352	-101.2
   353	-101.578
   354	-101.924
   355	-102.205
   356	-102.395
   357	-102.474
   358	-102.432
   359	-102.268
   360	-101.991
   361	-101.616
   362	-101.163
   363	-100.657
   364	-100.12
   365	-99.573
   366	-99.0288
   367	-98.4962
   368	-97.987
   369	-97.5232
   370	-97.1406
   371	-96.888
   372	-96.8179
   373	-96.973
   374	-97.372
   375	-97.9987
   376	-98.8057
   377	-99.7263
   378	-100.691
   379	-101.645
   380	-102.555
   381	-103.413
   382	-104.228
   383	-105.019
   384	-105.796
   385	-106.561
   386	-107.297
   387	-107.973
   388	-108.554
   389	-109.008
   390	-109.315
   391	-109.47
   392	-109.484
   393	-109.379
   394	-109.183
   395	-108.925
   396	-108.629
   397	-108.306
   398	-107.957
   399	-107.573
   400	-107.141
   401	-106.655
   402	-106.123
   403	-105.572
   404	-105.05
   405	-104.615
   406	-104.316
   407	-104.183
   408	-104.217
   409	-104.394
   410	-104.684
   411	-105.06
   412	-105.516
   413	-106.063
   414	-106.714
   415	-107.474
   416	-108.325
   417	-109.225
   418	-110.116
   419	-110.936
   420	-111.64
   421	-112.205
   422	-112.629
   423	-112.929
   424	-113.127
   425	-113.244
   426	-113.293
   427	-113.282
   428	-113.217
   429	-113.107
   430	-112.967
   431	-112.812
   432	-112.653
   433	-112.499
   434	-112.354
   435	-112.22
   436	-112.102
   437	-112.008
   438	-111.944
   439	-111.916
   440	-111.931
   441	-111.992
   442	-112.109
   443	-112.289
   444	-112.538
   445	-112.846
   446	-113.185
   447	-113.515
   448	-113.79
   449	-113.975
   450	-114.055
   451	-114.038
   452	-113.958
   453	-113.86
   454	-113.788
   455	-113.772
   456	-113.817
   457	-113.902
   458	-113.996
   459	-114.066
   460	-114.096
   461	-114.089
   462	-114.069
   463	-114.068
   464	-114.123
   465	-114.254
   466	-114.462
   467	-114.729
   468	-115.027
   469	-115.326
   470	-115.604
   471	-115.847
   472	-116.053
   473	-116.229
   474	-116.391
   475	-116.56
   476	-116.758
   477	-117.002
   478	-117.299
   479	-117.646
   480	-118.031
   481	-118.444
   482	-118.879
   483	-119.341
   484	-119.838
   485	-120.375
   486	-120.944
   487	-121.518
   488	-122.064
   489	-122.544
   490	-122.93
   491	-123.209
   492	-123.386
   493	-123.475
   494	-123.495
   495	-123.463
   496	-123.385
   497	-123.261
   498	-123.095
   499	-122.895
   500	-122.677
   501	-122.464
   502	-122.274
   503	-122.121
   504	-122.007
   505	-121.924
   506	-121.856
   507	-121.788
   508	-121.704
   509	-121.598
   510	-121.47
   511	-121.33
   512	-121.196
   513	-121.091
   514	-121.035
   515	-121.041
   516	-121.104
   517	-121.21
   518	-121.333
   519	-121.454
   520	-121.565
   521	-121.674
   522	-121.807
   523	-121.993
   524	-122.256
   525	-122.598
   526	-122.998
   527	-123.418
   528	-123.818
   529	-124.165
   530	-124.44
   531	-124.642
   532	-124.778
   533	-124.866
   534	-124.925
   535	-124.973
   536	-125.026
   537	-125.086
   538	-125.15
   539	-125.209
   540	-125.251
   541	-125.272
   542	-125.278
   543	-125.283
   544	-125.301
   545	-125.335
   546	-125.374
   547	-125.394
   548	-125.366
   549	-125.272
   550	-125.107
   551	-124.888
   552	-124.642
   553	-124.404
   554	-124.203
   555	-124.062
   556	-123.988
   557	-123.988
   558	-124.065
   559	-124.231
   560	-124.5
   561	-124.879
   562	-125.366
   563	-125.936
   564	-126.553
   565	-127.18
   566	-127.784
   567	-128.344
   568	-128.841
   569	-129.252
   570	-129.553
   571	-129.723
   572	-129.75
   573	-129.638
   574	-129.407
   575	-129.087
   576	-128.711
   577	-128.307
   578	-127.891
   579	-127.471
   580	-127.047
   581	-126.625
   582	-126.22
   583	-125.856
   584	-125.559
   585	-125.346
   586	-125.21
   587	-125.124
   588	-125.048
   589	-124.941
   590	-124.777
   591	-124.551
   592	-124.283
   593	-124.006
   594	-123.759
   595	-123.576
   596	-123.476
   597	-123.471
   598	-123.575
   599	-123.803
   600	-124.172
   601	-124.689
   602	-125.342
   603	-126.093
   604	-126.892
   605	-127.686
   606	-128.437
   607	-129.125
   608	-129.74
   609	-130.274
   610	-130.716
   611	-131.049
   612	-131.256
   613	-131.326
   614	-131.258
   615	-131.065
   616	-130.768
   617	-130.397
   618	-129.981
   619	-129.552
   620	-129.146
   621	-128.806
   622	-128.574
   623	-128.484
   624	-128.55
   625	-128.76
   626	-129.077
   627	-129.458
   628	-129.861
   629	-130.259
   630	-130.639
   631	-131.001
   632	-131.348
   633	-131.681
   634	-131.994
   635	-132.275
   636	-132.511
   637	-132.695
   638	-132.829
   639	-132.925
   640	-133.002
   641	-133.079
   642	-133.167
   643	-133.267
   644	-133.362
   645	-133.425
   646	-133.418
   647	-133.305
   648	-133.063
   649	-132.681
   650	-132.167
   651	-131.537
   652	-130.814
   653	-130.021
   654	-129.172
   655	-128.273
   656	-127.318
   657	-126.3
   658	-125.213
   659	-124.067
   660	-122.895
   661	-121.756
   662	-120.737
   663	-119.931
   664	-119.418
   665	-119.228
   666	-119.337
   667	-119.668
   668	-120.121
   669	-120.597
   670	-121.025
   671	-121.37
   672	-121.628
   673	-121.823
   674	-121.984
   675	-122.138
   676	-122.293
   677	-122.437
   678	-122.548
   679	-122.594
   680	-122.545
   681	-122.382
   682	-122.101
   683	-121.72
   684	-121.273
   685	-120.802
   686	-120.349
   687	-119.943
   688	-119.593
   689	-119.287
   690	-119.004
   691	-118.719
   692	-118.414
   693	-118.084
   694	-117.737
   695	-117.388
   696	-117.062
   697	-116.784
   698	-116.583
   699	-116.484
   700	-116.503
   701	-116.643
   702	-116.886
   703	-117.199
   704	-117.543
   705	-117.879
   706	-118.182
   707	-118.442
   708	-118.657
   709	-118.824
   710	-118.937
   711	-118.982
   712	-118.937
   713	-118.778
   714	-118.49
   715	-118.066
   716	-117.513
   717	-116.857
   718	-116.137
   719	-115.414
   720	-114.761
   721	-114.258
   722	-113.971
   723	-113.929
   724	-114.116
   725	-114.469
   726	-114.906
   727	-115.354
   728	-115.762
   729	-116.112
   730	-116.415
   731	-116.701
   732	-116.996
   733	-117.316
   734	-117.652
   735	-117.981
   736	-118.265
   737	-118.473
   738	-118.589
   739	-118.616
   740	-118.581
   741	-118.531
   742	-118.52
   743	-118.592
   744	-118.769
   745	-119.034
   746	-119.337
   747	-119.61
   748	-119.783
   749	-119.805
   750	-119.652
   751	-119.327
   752	-118.854
   753	-118.272
   754	-117.62
   755	-116.928
   756	-116.214
   757	-115.483
   758	-114.729
   759	-113.946
   760	-113.135
   761	-112.312
   762	-111.506
   763	-110.758
   764	-110.109
   765	-109.586
   766	-109.192
   767	-108.909
   768	-108.699
   769	-108.521
   770	-108.338
   771	-108.128
   772	-107.878
   773	-107.589
   774	-107.257
   775	-106.882
   776	-106.468
   777	-106.028
   778	-105.594
   779	-105.211
   780	-104.926
   781	-104.77
   782	-104.753
   783	-104.864
   784	-105.074
   785	-105.353
   786	-105.679
   787	-106.039
   788	-106.43
   789	-106.854
   790	-107.308
   791	-107.789
   792	-108.288
   793	-108.789
   794	-109.269
   795	-109.699
   796	-110.045
   797	-110.28
   798	-110.386
   799	-110.376
   800	-110.29
   801	-110.192
   802	-110.156
   803	-110.235
   804	-110.451
   805	-110.787
   806	-111.2
   807	-111.643
   808	-112.079
   809	-112.492
   810	-112.894
   811	-113.315
   812	-113.788
   813	-114.333
   814	-114.949
   815	-115.608
   816	-116.269
   817	-116.886
   818	-117.426
   819	-117.877
   820	-118.244
   821	-118.545
   822	-118.802
   823	-119.029
   824	-119.227
   825	-119.384
   826	-119.488
   827	-119.531
   828	-119.517
   829	-119.458
   830	-119.375
   831	-119.29
   832	-119.225
   833	-119.197
   834	-119.222
   835	-119.315
   836	-119.492
   837	-119.767
   838	-120.149
   839	-120.645
   840	-121.253
   841	-121.963
   842	-122.761
   843	-123.625
   844	-124.528
   845	-125.445
   846	-126.348
   847	-127.217
   848	-128.032
   849	-128.785
   850	-129.473
   851	-130.096
   852	-130.656
   853	-131.152
   854	-131.579
   855	-131.928
   856	-132.193
   857	-132.374
   858	-132.485
   859	-132.548
   860	-132.595
   861	-132.657
   862	-132.749
   863	-132.871
   864	-132.995
   865	-133.08
   866	-133.082
   867	-132.966
   868	-132.718
   869	-132.345
   870	-131.874
   871	-131.339
   872	-130.775
   873	-130.201
   874	-129.618
   875	-129.015
   876	-128.376
   877	-127.697
   878	-126.991
   879	-126.284
   880	-125.617
   881	-125.029
   882	-124.549
   883	-124.189
   884	-123.95
   885	-123.815
   886	-123.761
   887	-123.762
   888	-123.788
   889	-123.812
   890	-123.816
   891	-123.795
   892	-123.76
   893	-123.735
   894	-123.744
   895	-123.8
   896	-123.891
   897	-123.988
   898	-124.059
   899	-124.079
   900	-124.049
   901	-123.986
   902	-123.915
   903	-123.855
   904	-123.809
   905	-123.764
   906	-123.702
   907	-123.609
   908	-123.484
   909	-123.34
   910	-123.206
   911	-123.112
   912	-123.081
   913	-123.125
   914	-123.238
   915	-123.406
   916	-123.613
   917	-123.851
   918	-124.116
   919	-124.411
   920	-124.735
   921	-125.078
   922	-125.416
   923	-125.711
   924	-125.925
   925	-126.022
   926	-125.983
   927	-125.815
   928	-125.542
   929	-125.205
   930	-124.845
   931	-124.494
   932	-124.168
   933	-123.87
   934	-123.594
   935	-123.331
   936	-123.076
   937	-122.829
   938	-122.602
   939	-122.411
   940	-122.282
   941	-122.236
   942	-122.284
   943	-122.418
   944	-122.607
   945	-122.81
   946	-122.982
   947	-123.096
   948	-123.145
   949	-123.149
   950	-123.141
   951	-123.158
   952	-123.219
   953	-123.32
   954	-123.431
   955	-123.517
   956	-123.542
   957	-123.492
   958	-123.369
   959	-123.193
   960	-122.992
   961	-122.789
   962	-122.598
   963	-122.416
   964	-122.224
   965	-122
   966	-121.72
   967	-121.366
   968	-120.933
   969	-120.427
   970	-119.865
   971	-119.266
   972	-118.651
   973	-118.026
   974	-117.385
   975	-116.71
   976	-115.976
   977	-115.163
   978	-114.256
   979	-113.257
   980	-112.178
   981	-111.04
   982	-109.868
   983	-108.682
   984	-107.49
   985	-106.292
   986	-105.086
   987	-103.869
   988	-102.654
   989	-101.465
   990	-100.342
   991	-99.3302
   992	-98.4627
   993	-97.751
   994	-97.1792
   995	-96.7109
   996	-96.304
   997	-95.9228
   998	-95.5497
   999	-95.1861
  1000	-94.8433
  1001	-94.5317
  1002	-94.2516
  1003	-93.9878
  1004	-93.7155
  1005	-93.4091
  1006	-93.0542
  1007	-92.6545
  1008	-92.2324
  1009	-91.8225
  1010	-91.4618
  1011	-91.1779
  1012	-90.9803
  1013	-90.8586
  1014	-90.7875
  1015	-90.7377
  1016	-90.6879
  1017	-90.6349
  1018	-90.5949
  1019	-90.5997
  1020	-90.6858
  1021	-90.8794
  1022	-91.185
  1023	-91.579
  1024	-92.0174
  1025	-92.4503
  1026	-92.8386
  1027	-93.1656
  1028	-93.4394
  1029	-93.6865
  1030	-93.9377
  1031	-94.2125
  1032	-94.5086
  1033	-94.7987
  1034	-95.0367
  1035	-95.1731
  1036	-95.1671
  1037	-94.9953
  1038	-94.6562
  1039	-94.1698
  1040	-93.5728
  1041	-92.9084
  1042	-92.216
  1043	-91.5207
  1044	-90.8301
  1045	-90.1415
  1046	-89.4554
  1047	-88.7895
  1048	-88.19
  1049	-87.7283
  1050	-87.4873
  1051	-87.5332
  1052	-87.8887
  1053	-88.5231
  1054	-89.3644
  1055	-90.3258
  1056	-91.3304
  1057	-92.3201
  1058	-93.2559
  1059	-94.1109
  1060	-94.8636
  1061	-95.4996
  1062	-96.0159
  1063	-96.4186
  1064	-96.7205
  1065	-96.9322
  1066	-97.0577
  1067	-97.0938
  1068	-97.0342
  1069	-96.8763
  1070	-96.6256
  1071	-96.2943
  1072	-95.8971
  1073	-95.4426
  1074	-94.9302
  1075	-94.3521
  1076	-93.6998
  1077	-92.9733
  1078	-92.1853
  1079	-91.3632
  1080	-90.5436
  1081	-89.7612
  1082	-89.0362
  1083	-88.3711
  1084	-87.7528
  1085	-87.1617
  1086	-86.5844
  1087	-86.0228
  1088	-85.4951
  1089	-85.0299
  1090	-84.6532
  1091	-84.3774
  1092	-84.1927
  1093	-84.0698
  1094	-83.9696
  1095	-83.8549
  1096	-83.6999
  1097	-83.4911
  1098	-83.2227
  1099	-82.8909
  1100	-82.4895
  1101	-82.0117
  1102	-81.4527
  1103	-80.8115
  1104	-80.0917
  1105	-79.2985
  1106	-78.4406
  1107	-77.5316
  1108	-76.5964
  1109	-75.6726
  1110	-74.8064
  1111	-74.0446
  1112	-73.4232
  1113	-72.9549
  1114	-72.6276
  1115	-72.4143
  1116	-72.2865
  1117	-72.2293
  1118	-72.25
  1119	-72.3744
  1120	-72.6345
  1121	-73.0497
  1122	-73.6146
  1123	-74.2951
  1124	-75.0382
  1125	-75.7892
  1126	-76.5067
  1127	-77.1724
  1128	-77.7906
  1129	-78.3791
  1130	-78.9591
  1131	-79.541
  1132	-80.1175
  1133	-80.6672
  1134	-81.1635
  1135	-81.5826
  1136	-81.9093
  1137	-82.1362
  1138	-82.2567
  1139	-82.2563
  1140	-82.1142
  1141	-81.8122
  1142	-81.3488
  1143	-80.7485
  1144	-80.0582
  1145	-79.3351
  1146	-78.6353
  1147	-78.0069
  1148	-77.4938
  1149	-77.1396
  1150	-76.9856
  1151	-77.0645
  1152	-77.389
  1153	-77.9466
  1154	-78.7044
  1155	-79.6175
  1156	-80.6437
  1157	-81.7501
  1158	-82.9172
  1159	-84.1311
  1160	-85.374
  1161	-86.6178
  1162	-87.8233
  1163	-88.9508
  1164	-89.9708
  1165	-90.8666
  1166	-91.64
  1167	-92.307
  1168	-92.8932
  1169	-93.4243
  1170	-93.9128
  1171	-94.3553
  1172	-94.7328
  1173	-95.0177
  1174	-95.1838
  1175	-95.2116
  1176	-95.0934
  1177	-94.8334
  1178	-94.4438
  1179	-93.9412
  1180	-93.3435
  1181	-92.6693
  1182	-91.9374
  1183	-91.1672
  1184	-90.3751
  1185	-89.571
  1186	-88.7628
  1187	-87.9654
  1188	-87.2071
  1189	-86.5334
  1190	-86.0049
  1191	-85.6784
  1192	-85.5886
  1193	-85.7325
  1194	-86.0677
  1195	-86.5224
  1196	-87.0146
  1197	-87.4701
  1198	-87.8348
  1199	-88.0793
  1200	-88.1966
  1201	-88.1954
  1202	-88.0909
  1203	-87.8992
  1204	-87.635
  1205	-87.3114
  1206	-86.9404
  1207	-86.5326
  1208	-86.0955
  1209	-85.6332
  1210	-85.1496
  1211	-84.6506
  1212	-84.1465
  1213	-83.6517
  1214	-83.1817
  1215	-82.7496
  1216	-82.3662
  1217	-82.0382
  1218	-81.7687
  1219	-81.5555
  1220	-81.3856
  1221	-81.2356
  1222	-81.0755
  1223	-80.8758
  1224	-80.6193
  1225	-80.3086
  1226	-79.9681
  1227	-79.6392
  1228	-79.3687
  1229	-79.192
  1230	-79.1216
  1231	-79.1409
  1232	-79.2094
  1233	-79.2764
  1234	-79.2969
  1235	-79.2446
  1236	-79.1199
  1237	-78.9493
  1238	-78.7802
  1239	-78.6663
  1240	-78.646
  1241	-78.7256
  1242	-78.8732
  1243	-79.0267
  1244	-79.115
  1245	-79.0824
  1246	-78.9049
  1247	-78.5965
  1248	-78.2033
  1249	-77.7885
  1250	-77.4115
  1251	-77.1078
  1252	-76.8791
  1253	-76.6959
  1254	-76.5123
  1255	-76.2817
  1256	-75.9753
  1257	-75.5943
  1258	-75.1734
  1259	-74.776
  1260	-74.4802
  1261	-74.3544
  1262	-74.436
  1263	-74.7212
  1264	-75.1708
  1265	-75.7299
  1266	-76.3502
  1267	-77.005
  1268	-77.6879
  1269	-78.4044
  1270	-79.1642
  1271	-79.9706
  1272	-80.8182
  1273	-81.6942
  1274	-82.582
  1275	-83.4673
  1276	-84.3375
  1277	-85.1825
  1278	-85.9963
  1279	-86.7781
  1280	-87.5335
  1281	-88.2719
  1282	-89.0003
  1283	-89.7194
  1284	-90.4189
  1285	-91.0785
  1286	-91.6744
  1287	-92.1869
  1288	-92.607
  1289	-92.9361
  1290	-93.1797
  1291	-93.3407
  1292	-93.4147
  1293	-93.3936
  1294	-93.2726
  1295	-93.0594
  1296	-92.7796
  1297	-92.4756
  1298	-92.1975
  1299	-91.9903
  1300	-91.8823
  1301	-91.8757
  1302	-91.9495
  1303	-92.069
  1304	-92.2021
  1305	-92.3314
  1306	-92.4584
  1307	-92.5974
  1308	-92.765
  1309	-92.968
  1310	-93.1963
  1311	-93.424
  1312	-93.6146
  1313	-93.7322
  1314	-93.7505
  1315	-93.6603
  1316	-93.4741
  1317	-93.2272
  1318	-92.9734
  1319	-92.7738
  1320	-92.682
  1321	-92.7265
  1322	-92.9013
  1323	-93.1676
  1324	-93.4672
  1325	-93.7425
  1326	-93.9548
  1327	-94.0947
  1328	-94.1828
  1329	-94.2599
  1330	-94.3696
  1331	-94.5414
  1332	-94.7816
  1333	-95.0739
  1334	-95.3908
  1335	-95.7078
  1336	-96.0155
  1337	-96.3254
  1338	-96.6685
  1339	-97.0865
  1340	-97.62
  1341	-98.2964
  1342	-99.1203
  1343	-100.075
  1344	-101.126
  1345	-102.23
  1346	-103.342
  1347	-104.424
  1348	-105.443
  1349	-106.368
  1350	-107.178
  1351	-107.855
  1352	-108.391
  1353	-108.784
  1354	-109.042
  1355	-109.183
  1356	-109.231
  1357	-109.21
  1358	-109.146
  1359	-109.056
  1360	-108.952
  1361	-108.838
  1362	-108.718
  1363	-108.6
  1364	-108.502
  1365	-108.45
  1366	-108.478
  1367	-108.611
  1368	-108.862
  1369	-109.221
  1370	-109.657
  1371	-110.131
  1372	-110.605
  1373	-111.059
  1374	-111.494
  1375	-111.933
  1376	-112.421
  1377	-113.015
  1378	-113.773
  1379	-114.733
  1380	-115.902
  1381	-117.254
  1382	-118.731
  1383	-120.263
  1384	-121.779
  1385	-123.23
  1386	-124.584
  1387	-125.829
  1388	-126.96
  1389	-127.972
  1390	-128.854
  1391	-129.587
  1392	-130.158
  1393	-130.559
  1394	-130.794
  1395	-130.874
  1396	-130.819
  1397	-130.66
  1398	-130.435
  1399	-130.193
  1400	-129.983
  1401	-129.847
  1402	-129.813
  1403	-129.885
  1404	-130.045
  1405	-130.261
  1406	-130.495
  1407	-130.719
  1408	-130.92
  1409	-131.094
  1410	-131.248
  1411	-131.381
  1412	-131.489
  1413	-131.559
  1414	-131.573
  1415	-131.517
  1416	-131.384
  1417	-131.173
  1418	-130.896
  1419	-130.571
  1420	-130.222
  1421	-129.879
  1422	-129.57
  1423	-129.32
  1424	-129.144
  1425	-129.04
  1426	-128.993
  1427	-128.971
  1428	-128.94
  1429	-128.868
  1430	-128.739
  1431	-128.548
  1432	-128.302
  1433	-128.01
  1434	-127.681
  1435	-127.32
  1436	-126.933
  1437	-126.534
  1438	-126.146
  1439	-125.799
  1440	-125.528
  1441	-125.364
  1442	-125.33
  1443	-125.441
  1444	-125.71
  1445	-126.14
  1446	-126.73
  1447	-127.461
  1448	-128.301
  1449	-129.2
  1450	-130.098
  1451	-130.939
  1452	-131.679
  1453	-132.302
  1454	-132.816
  1455	-133.249
  1456	-133.636
  1457	-134.011
  1458	-134.394
  1459	-134.789
  1460	-135.182
  1461	-135.555
  1462	-135.889
  1463	-136.181
  1464	-136.438
  1465	-136.68
  1466	-136.929
  1467	-137.203
  1468	-137.507
  1469	-137.832
  1470	-138.16
  1471	-138.47
  1472	-138.744
  1473	-138.97
  1474	-139.139
  1475	-139.249
  1476	-139.303
  1477	-139.314
  1478	-139.3
  1479	-139.29
  1480	-139.311
  1481	-139.386
  1482	-139.519
  1483	-139.696
  1484	-139.89
  1485	-140.073
  1486	-140.224
  1487	-140.338
  1488	-140.416
  1489	-140.469
  1490	-140.504
  1491	-140.528
  1492	-140.541
  1493	-140.539
  1494	-140.518
  1495	-140.47
  1496	-140.386
  1497	-140.26
  1498	-140.09
  1499	-139.886
  1500	-139.665
  1501	-139.453
  1502	-139.274
  1503	-139.142
  1504	-139.052
  1505	-138.987
  1506	-138.915
  1507	-138.808
  1508	-138.641
  1509	-138.403
  1510	-138.09
  1511	-137.709
  1512	-137.266
  1513	-136.766
  1514	-136.214
  1515	-135.614
  1516	-134.969
  1517	-134.287
  1518	-133.579
  1519	-132.862
  1520	-132.159
  1521	-131.497
  1522	-130.908
  1523	-130.424
  1524	-130.073
  1525	-129.875
  1526	-129.833
  1527	-129.935
  1528	-130.15
  1529	-130.433
  1530	-130.737
  1531	-131.016
  1532	-131.237
  1533	-131.383
  1534	-131.455
  1535	-131.465
  1536	-131.433
  1537	-131.375
  1538	-131.297
  1539	-131.19
  1540	-131.033
  1541	-130.806
  1542	-130.505
  1543	-130.149
  1544	-129.779
  1545	-129.453
  1546	-129.229
  1547	-129.148
  1548	-129.223
  1549	-129.437
  1550	-129.752
  1551	-130.122
  1552	-130.512
  1553	-130.902
  1554	-131.298
  1555	-131.727
  1556	-132.224
  1557	-132.819
  1558	-133.518
  1559	-134.297
  1560	-135.103
  1561	-135.867
  1562	-136.53
  1563	-137.05
  1564	-137.408
  1565	-137.612
  1566	-137.69
  1567	-137.678
  1568	-137.616
  1569	-137.539
  1570	-137.467
  1571	-137.4
  1572	-137.315
  1573	-137.177
  1574	-136.948
  1575	-136.605
  1576	-136.153
  1577	-135.629
  1578	-135.088
  1579	-134.593
  1580	-134.184
  1581	-133.87
  1582	-133.628
  1583	-133.408
  1584	-133.162
  1585	-132.852
  1586	-132.47
  1587	-132.031
  1588	-131.574
  1589	-131.155
  1590	-130.826
  1591	-130.628
  1592	-130.582
  1593	-130.682
  1594	-130.902
  1595	-131.199
  1596	-131.523
  1597	-131.834
  1598	-132.112
  1599	-132.361
  1600	-132.611
  1601	-132.901
  1602	-133.271
  1603	-133.736
  1604	-134.282
  1605	-134.863
  1606	-135.416
  1607	-135.873
  1608	-136.185
  1609	-136.325
  1610	-136.294
  1611	-136.118
  1612	-135.84
  1613	-135.507
  1614	-135.17
  1615	-134.863
  1616	-134.607
  1617	-134.402
  1618	-134.225
  1619	-134.039
  1620	-133.8
  1621	-133.472
  1622	-133.039
  1623	-132.518
  1624	-131.961
  1625	-131.447
  1626	-131.058
  1627	-130.855
  1628	-130.848
  1629	-130.992
  1630	-131.211
  1631	-131.426
  1632	-131.587
  1633	-131.694
  1634	-131.784
  1635	-131.922
  1636	-132.168
  1637	-132.565
  1638	-133.119
  1639	-133.806
  1640	-134.587
  1641	-135.421
  1642	-136.273
  1643	-137.12
  1644	-137.952
  1645	-138.77
  1646	-139.581
  1647	-140.395
  1648	-141.22
  1649	-142.052
  1650	-142.88
  1651	-143.678
  1652	-144.413
  1653	-145.052
  1654	-145.565
  1655	-145.935
  1656	-146.161
  1657	-146.255
  1658	-146.236
  1659	-146.127
  1660	-145.947
  1661	-145.706
  1662	-145.41
  1663	-145.061
  1664	-144.664
  1665	-144.237
  1666	-143.806
  1667	-143.406
  1668	-143.072
  1669	-142.832
  1670	-142.707
  1671	-142.707
  1672	-142.833
  1673	-143.074
  1674	-143.409
  1675	-143.806
  1676	-144.228
  1677	-144.632
  1678	-144.99
  1679	-145.286
  1680	-145.524
  1681	-145.721
  1682	-145.902
  1683	-146.079
  1684	-146.252
  1685	-146.397
  1686	-146.483
  1687	-146.479
  1688	-146.368
  1689	-146.151
  1690	-145.845
  1691	-145.476
  1692	-145.078
  1693	-144.69
  1694	-144.353
  1695	-144.113
  1696	-144.011
  1697	-144.078
  1698	-144.322
  1699	-144.725
  1700	-145.255
  1701	-145.879
  1702	-146.578
  1703	-147.351
  1704	-148.208
  1705	-149.161
  1706	-150.201
  1707	-151.301
  1708	-152.409
  1709	-153.472
  1710	-154.442
  1711	-155.292
  1712	-156.009
  1713	-156.589
  1714	-157.028
  1715	-157.315
  1716	-157.438
  1717	-157.383
  1718	-157.151
  1719	-156.755
  1720	-156.218
  1721	-155.565
  1722	-154.813
  1723	-153.973
  1724	-153.065
  1725	-152.116
  1726	-151.174
  1727	-150.29
  1728	-149.516
  1729	-148.886
  1730	-148.403
  1731	-148.046
  1732	-147.777
  1733	-147.558
  1734	-147.362
  1735	-147.181
  1736	-147.021
  1737	-146.905
  1738	-146.857
  1739	-146.903
  1740	-147.059
  1741	-147.333
  1742	-147.718
  1743	-148.195
  1744	-148.737
  1745	-149.312
  1746	-149.893
  1747	-150.461
  1748	-151.008
  1749	-151.535
  1750	-152.048
  1751	-152.548
  1752	-153.026
  1753	-153.454
  1754	-153.794
  1755	-154.001
  1756	-154.038
  1757	-153.885
  1758	-153.543
  1759	-153.033
  1760	-152.394
  1761	-151.671
  1762	-150.907
  1763	-150.142
  1764	-149.407
  1765	-148.724
  1766	-148.101
  1767	-147.538
  1768	-147.024
  1769	-146.549
  1770	-146.107
  1771	-145.7
  1772	-145.344
  1773	-145.065
  1774	-144.884
  1775	-144.81
  1776	-144.833
  1777	-144.917
  1778	-145.015
  1779	-145.081
  1780	-145.078
  1781	-144.991
  1782	-144.826
  1783	-144.611
  1784	-144.383
  1785	-144.186
  1786	-144.056
  1787	-144.014
  1788	-144.056
  1789	-144.15
  1790	-144.25
  1791	-144.307
  1792	-144.287
  1793	-144.18
  1794	-144.006
  1795	-143.803
  1796	-143.616
  1797	-143.476
  1798	-143.39
  1799	-143.339
  1800	-143.286
  1801	-143.191
  1802	-143.027
  1803	-142.782
  1804	-142.473
  1805	-142.13
  1806	-141.793
  1807	-141.498
  1808	-141.264
  1809	-141.097
  1810	-140.984
  1811	-140.902
  1812	-140.824
  1813	-140.723
  1814	-140.574
  1815	-140.359
  1816	-140.073
  1817	-139.724
  1818	-139.341
  1819	-138.959
  1820	-138.619
  1821	-138.348
  1822	-138.154
  1823	-138.029
  1824	-137.954
  1825	-137.91
  1826	-137.89
  1827	-137.902
  1828	-137.97
  1829	-138.126
  1830	-138.397
  1831	-138.797
  1832	-139.316
  1833	-139.929
  1834	-140.596
  1835	-141.276
  1836	-141.929
  1837	-142.524
  1838	-143.041
  1839	-143.474
  1840	-143.828
  1841	-144.12
  1842	-144.373
  1843	-144.616
  1844	-144.876
  1845	-145.169
  1846	-145.496
  1847	-145.846
  1848	-146.207
  1849	-146.57
  1850	-146.941
  1851	-147.339
  1852	-147.786
  1853	-148.294
  1854	-148.849
  1855	-149.414
  1856	-149.937
  1857	-150.37
  1858	-150.684
  1859	-150.873
  1860	-150.947
  1861	-150.921
  1862	-150.812
  1863	-150.64
  1864	-150.43
  1865	-150.214
  1866	-150.03
  1867	-149.908
  1868	-149.864
  1869	-149.893
  1870	-149.978
  1871	-150.098
  1872	-150.239
  1873	-150.406
  1874	-150.616
  1875	-150.89
  1876	-151.244
  1877	-151.676
  1878	-152.167
  1879	-152.687
  1880	-153.201
  1881	-153.678
  1882	-154.096
  1883	-154.439
  1884	-154.698
  1885	-154.868
  1886	-154.954
  1887	-154.963
  1888	-154.911
  1889	-154.816
  1890	-154.699
  1891	-154.571
  1892	-154.439
  1893	-154.304
  1894	-154.163
  1895	-154.016
  1896	-153.868
  1897	-153.724
  1898	-153.592
  1899	-153.475
  1900	-153.372
  1901	-153.271
  1902	-153.159
  1903	-153.016
  1904	-152.829
  1905	-152.59
  1906	-152.298
  1907	-151.953
  1908	-151.561
  1909	-151.122
  1910	-150.641
  1911	-150.117
  1912	-149.554
  1913	-148.957
  1914	-148.334
  1915	-147.691
  1916	-147.034
  1917	-146.36
  1918	-145.665
  1919	-144.941
  1920	-144.183
  1921	-143.392
  1922	-142.577
  1923	-141.754
  1924	-140.936
  1925	-140.142
  1926	-139.386
  1927	-138.681
  1928	-138.037
  1929	-137.466
  1930	-136.981
  1931	-136.604
  1932	-136.364
  1933	-136.296
  1934	-136.431
  1935	-136.784
  1936	-137.341
  1937	-138.057
  1938	-138.863
  1939	-139.684
  1940	-140.452
  1941	-141.124
  1942	-141.68
  1943	-142.124
  1944	-142.471
  1945	-142.735
  1946	-142.926
  1947	-143.046
  1948	-143.094
  1949	-143.07
  1950	-142.98
  1951	-142.837
  1952	-142.66
  1953	-142.473
  1954	-142.3
  1955	-142.162
  1956	-142.071
  1957	-142.027
  1958	-142.014
  1959	-142.008
  1960	-141.975
  1961	-141.889
  1962	-141.737
  1963	-141.528
  1964	-141.289
  1965	-141.058
  1966	-140.865
  1967	-140.721
  1968	-140.62
  1969	-140.543
  1970	-140.477
  1971	-140.42
  1972	-140.389
  1973	-140.413
  1974	-140.521
  1975	-140.729
  1976	-141.033
  1977	-141.41
  1978	-141.822
  1979	-142.237
  1980	-142.629
  1981	-142.984
  1982	-143.3
  1983	-143.585
  1984	-143.846
  1985	-144.089
  1986	-144.314
  1987	-144.508
  1988	-144.657
  1989	-144.752
  1990	-144.795
  1991	-144.805
  1992	-144.812
  1993	-144.855
  1994	-144.964
  1995	-145.153
  1996	-145.417
  1997	-145.728
  1998	-146.056
  1999	-146.372
  2000	-146.657
  2001	-146.901
